#AZAE970101
#T Interchanges of spatially neighbouring residues in structurally conserved
#A Azarya-Sprinzak, E., Naor, D., Wolfson, H.J. and Nussinov, R.
#J Protein Engineering 10, 1109-1122 (1997)
	A	R	N	D	C	Q	E	G	H	I	L	K	M	F	P	S	T	W	Y	V	B	Z	X
A	14	1	1	0	5	0	2	5	-2	-6	-2	1	2	-4	2	1	-2	-2	-2	-5	0	0	0
R	1	16	10	13	-9	16	13	0	4	-11	-8	21	-1	-8	2	6	5	-3	-1	-11	0	0	0
N	1	10	15	16	-4	13	10	8	5	-11	-9	12	-3	-9	11	7	4	-5	-3	-11	0	0	0
D	0	13	16	26	-8	16	15	7	8	-14	-11	16	-7	-10	11	8	4	-5	-4	-13	0	0	0
C	5	-9	-4	-8	18	-10	-8	1	-2	2	1	-11	0	2	0	-1	-5	-1	-1	3	0	0	0
Q	0	16	13	16	-10	21	17	0	6	-12	-9	22	-2	-10	1	6	6	-3	-3	-12	0	0	0
E	2	13	10	15	-8	17	11	1	4	-11	-8	17	1	-7	5	6	3	-6	-1	-12	0	0	0
G	5	0	8	7	1	0	1	24	6	-10	-9	-1	-3	-4	13	8	1	-1	-2	-8	0	0	0
H	-2	4	5	8	-2	6	4	6	7	-4	-5	3	-1	-1	4	3	4	3	0	-4	0	0	0
I	-6	-11	-11	-14	2	-12	-11	-10	-4	10	8	-13	2	6	-14	-8	-4	4	2	9	0	0	0
L	-2	-8	-9	-11	1	-9	-8	-9	-5	8	9	-10	5	5	-12	-7	-6	2	0	5	0	0	0
K	1	21	12	16	-11	22	17	-1	3	-13	-10	28	-4	-11	5	6	7	-8	-3	-14	0	0	0
M	2	-1	-3	-7	0	-2	1	-3	-1	2	5	-4	2	2	-10	-5	-4	2	1	0	0	0	0
F	-4	-8	-9	-10	2	-10	-7	-4	-1	6	5	-11	2	8	-6	-5	-4	5	3	5	0	0	0
P	2	2	11	11	0	1	5	13	4	-14	-12	5	-10	-6	51	6	5	-5	-5	-7	0	0	0
S	1	6	7	8	-1	6	6	8	3	-8	-7	6	-5	-5	6	9	5	-4	-1	-6	0	0	0
T	-2	5	4	4	-5	6	3	1	4	-4	-6	7	-4	-4	5	5	10	-2	0	-3	0	0	0
W	-2	-3	-5	-5	-1	-3	-6	-1	3	4	2	-8	2	5	-5	-4	-2	8	2	4	0	0	0
Y	-2	-1	-3	-4	-1	-3	-1	-2	0	2	0	-3	1	3	-5	-1	0	2	4	2	0	0	0
V	-5	-11	-11	-13	3	-12	-12	-8	-4	9	5	-14	0	5	-7	-6	-3	4	2	11	0	0	0
B	0	0	0	0	0	0	0	0	0	0	0	0	0	0	0	0	0	0	0	0	0	0	0
Z	0	0	0	0	0	0	0	0	0	0	0	0	0	0	0	0	0	0	0	0	0	0	0
X	0	0	0	0	0	0	0	0	0	0	0	0	0	0	0	0	0	0	0	0	0	0	0
