#BLAJ010101
#T Pairwise sequence alignment below the twilight zone
#A Blake, J.D. and Cohen, F.E.
#J J Mol Biol. 307, 721-735 (2001)
	A	R	N	D	C	Q	E	G	H	I	L	K	M	F	P	S	T	W	Y	V	B	Z	X
A	9	0	0	0	-5	1	0	1	-2	0	-2	0	-2	-1	-1	0	-3	-11	-3	0	0	0	0
R	0	14	1	-2	-16	7	3	-2	2	-7	-4	7	-8	-6	-3	2	0	-6	-1	-4	0	0	0
N	0	1	11	5	-13	1	1	1	5	-8	-7	2	-6	-3	-1	3	2	-9	1	-4	0	0	0
D	0	-2	5	17	-13	1	5	2	1	-9	-10	0	-7	-6	2	0	0	-7	-6	-10	0	0	0
C	-5	-16	-13	-13	39	-14	-20	-15	-18	-3	-11	-23	-9	-12	-18	-18	-19	-24	-1	0	0	0	0
Q	1	7	1	1	-14	13	5	-3	2	-7	-10	4	-8	-4	-4	0	2	-12	-5	-2	0	0	0
E	0	3	1	5	-20	5	12	0	0	-8	-8	6	-6	-10	-1	0	3	-3	-5	-6	0	0	0
G	1	-2	1	2	-15	-3	0	16	-2	-3	-6	0	-7	-8	0	0	-4	-10	-10	-5	0	0	0
H	-2	2	5	1	-18	2	0	-2	23	-4	-4	1	-5	-1	-4	0	0	-9	1	-6	0	0	0
I	0	-7	-8	-9	-3	-7	-8	-3	-4	10	7	-7	10	3	-3	-6	-3	-6	-2	8	0	0	0
L	-2	-4	-7	-10	-11	-10	-8	-6	-4	7	10	-4	11	3	1	-4	-5	2	-4	6	0	0	0
K	0	7	2	0	-23	4	6	0	1	-7	-4	9	-4	-8	1	1	1	-7	-5	-6	0	0	0
M	-2	-8	-6	-7	-9	-8	-6	-7	-5	10	11	-4	13	0	-4	-7	-3	-4	-3	6	0	0	0
F	-1	-6	-3	-6	-12	-4	-10	-8	-1	3	3	-8	0	16	-4	-4	-2	9	8	1	0	0	0
P	-1	-3	-1	2	-18	-4	-1	0	-4	-3	1	1	-4	-4	19	1	-1	-5	-8	-4	0	0	0
S	0	2	3	0	-18	0	0	0	0	-6	-4	1	-7	-4	1	9	5	-7	-1	-5	0	0	0
T	-3	0	2	0	-19	2	3	-4	0	-3	-5	1	-3	-2	-1	5	7	0	3	-1	0	0	0
W	-11	-6	-9	-7	-24	-12	-3	-10	-9	-6	2	-7	-4	9	-5	-7	0	32	0	-5	0	0	0
Y	-3	-1	1	-6	-1	-5	-5	-10	1	-2	-4	-5	-3	8	-8	-1	3	0	19	-1	0	0	0
V	0	-4	-4	-10	0	-2	-6	-5	-6	8	6	-6	6	1	-4	-5	-1	-5	-1	9	0	0	0
B	0	0	0	0	0	0	0	0	0	0	0	0	0	0	0	0	0	0	0	0	0	0	0
Z	0	0	0	0	0	0	0	0	0	0	0	0	0	0	0	0	0	0	0	0	0	0	0
X	0	0	0	0	0	0	0	0	0	0	0	0	0	0	0	0	0	0	0	0	0	0	0
