#CROG050101
#T An alternative model of amino acid replacement
#A Crooks, G.E. and Brenner, S.E.
#J Bioinformatics 21, 975-980 (2005)
	A	R	N	D	C	Q	E	G	H	I	L	K	M	F	P	S	T	W	Y	V	B	Z	X
A	4	-2	-2	-2	0	-1	-1	-1	-2	-2	-2	-2	-1	-2	-1	0	-1	-3	-2	-1	0	0	0
R	-2	6	-1	-1	-4	1	0	-3	0	-3	-3	2	-2	-3	-2	-1	-1	-2	-2	-3	0	0	0
N	-2	-1	7	1	-3	0	0	-1	0	-5	-4	0	-3	-4	-2	0	-1	-3	-2	-4	0	0	0
D	-2	-1	1	7	-4	0	1	-1	-1	-6	-5	0	-4	-5	-1	0	-1	-4	-3	-5	0	0	0
C	0	-4	-3	-4	12	-3	-4	-3	-3	-1	-2	-4	-1	-2	-3	-2	-1	-2	-2	0	0	0	0
Q	-1	1	0	0	-3	6	1	-2	0	-3	-3	1	-2	-3	-1	0	-1	-2	-2	-3	0	0	0
E	-1	0	0	1	-4	1	5	-2	-1	-4	-4	1	-3	-4	-1	-1	-1	-3	-3	-4	0	0	0
G	-1	-3	-1	-1	-3	-2	-2	7	-2	-6	-5	-2	-4	-5	-2	-1	-2	-4	-4	-5	0	0	0
H	-2	0	0	-1	-3	0	-1	-2	9	-3	-3	-1	-2	-1	-2	-1	-1	0	0	-3	0	0	0
I	-2	-3	-5	-6	-1	-3	-4	-6	-3	5	2	-4	1	0	-4	-4	-2	-1	-1	3	0	0	0
L	-2	-3	-4	-5	-2	-3	-4	-5	-3	2	5	-3	2	1	-3	-3	-2	-1	-1	1	0	0	0
K	-2	2	0	0	-4	1	1	-2	-1	-4	-3	5	-2	-4	-1	-1	-1	-3	-3	-3	0	0	0
M	-1	-2	-3	-4	-1	-2	-3	-4	-2	1	2	-2	7	1	-3	-2	-1	0	0	1	0	0	0
F	-2	-3	-4	-5	-2	-3	-4	-5	-1	0	1	-4	1	7	-3	-3	-2	3	3	0	0	0	0
P	-1	-2	-2	-1	-3	-1	-1	-2	-2	-4	-3	-1	-3	-3	8	-1	-2	-3	-3	-3	0	0	0
S	0	-1	0	0	-2	0	-1	-1	-1	-4	-3	-1	-2	-3	-1	4	1	-3	-2	-3	0	0	0
T	-1	-1	-1	-1	-1	-1	-1	-2	-1	-2	-2	-1	-1	-2	-2	1	5	-2	-2	-1	0	0	0
W	-3	-2	-3	-4	-2	-2	-3	-4	0	-1	-1	-3	0	3	-3	-3	-2	12	3	-2	0	0	0
Y	-2	-2	-2	-3	-2	-2	-3	-4	0	-1	-1	-3	0	3	-3	-2	-2	3	8	-2	0	0	0
V	-1	-3	-4	-5	0	-3	-4	-5	-3	3	1	-3	1	0	-3	-3	-1	-2	-2	5	0	0	0
B	0	0	0	0	0	0	0	0	0	0	0	0	0	0	0	0	0	0	0	0	0	0	0
Z	0	0	0	0	0	0	0	0	0	0	0	0	0	0	0	0	0	0	0	0	0	0	0
X	0	0	0	0	0	0	0	0	0	0	0	0	0	0	0	0	0	0	0	0	0	0	0
