#DOSZ010101
#T Amino acid similarity matrices based on force fields
#A Dosztanyi, Z. and Torda, A.E.
#J Bioinformatics. 17, 686-699 (2001)
	A	R	N	D	C	Q	E	G	H	I	L	K	M	F	P	S	T	W	Y	V	B	Z	X
A	15.4	-4.9	-8.1	-10.7	38.6	-7.4	-10.7	-6	0.2	23	20.9	-10.9	17.8	18.9	-9.3	-1.6	-5.2	17.6	18.9	23.7	0	0	0
R	6.4	-3.1	-5.3	-9	23.8	-6.5	-10	-8.3	-1.1	12.3	10.4	-7.9	9.6	9.8	-8.8	-2.1	-5.5	8.6	10.8	14.6	0	0	0
N	4	-6.1	-3.4	-4.8	23.5	-7.2	-9.2	-7.6	-1.9	8.6	7.1	-10.1	6.2	7.8	-8.7	-1.3	-5.2	6.4	9.5	11.5	0	0	0
D	4.1	-7.2	-2.7	0.2	22.2	-6.5	-6	-7.1	-2.7	5.3	4.8	-10.6	4.4	5.7	-8.2	-0.1	-4.9	4.6	8	8.1	0	0	0
C	19.2	-6.6	-7	-7.4	111.4	-6.3	-12.2	-3	11.4	31	27.4	-12.3	26.1	35.3	0.2	2.6	1.5	25.9	30.3	31.5	0	0	0
Q	6.3	-4.8	-5.3	-6.8	24	-6	-8.3	-8.4	-1.4	11.2	10	-8.9	8.9	9.2	-9	-2.8	-6.1	8.3	10.4	13.1	0	0	0
E	5.3	-5.3	-4.5	-3.7	21.3	-5.8	-6	-7.7	-1.8	8.7	7.4	-9.1	6.7	7.4	-7.9	-2.3	-5.8	6.8	8.7	10.8	0	0	0
G	7.3	-8.2	-6.9	-8.4	30.7	-9	-10.8	1.2	-2.9	7.8	6	-11.6	7.1	8.8	-7.1	-1.5	-7.3	8.4	9.8	11.1	0	0	0
H	6.8	-6	-6.1	-8	30.5	-7.8	-10.7	-7.5	-0.7	14.1	11.8	-10.5	10.5	12.3	-8.2	-2.4	-5.7	9.8	13.2	16.1	0	0	0
I	12.7	-5.6	-11.3	-15	39.5	-9	-13.5	-12.7	0.6	35.7	29.5	-12.6	22.8	25.3	-8.9	-6.2	-4.7	21.3	24.1	35.5	0	0	0
L	13	-5.7	-10.1	-13.3	39.5	-8.2	-12.4	-11.5	0.9	31.9	27.8	-12.3	21.8	23.6	-9.2	-5.1	-5.3	20.1	22.3	31.1	0	0	0
K	5.3	-3	-4.4	-7.3	20.3	-5.7	-8.7	-7.3	-1.5	8.5	7	-6.7	7.2	7	-8.2	-1.7	-5.6	5.8	8.1	10.9	0	0	0
M	11.2	-5.6	-8.8	-11.6	36.3	-7.7	-11.4	-10.3	0.5	25.5	22.4	-11.2	18.8	19.4	-8.7	-4.2	-5.7	17.3	19	25.7	0	0	0
F	11.4	-6.5	-9.3	-11.9	39.2	-8.7	-12.5	-9.4	0.4	27.2	23.2	-12.2	18.9	21.5	-8	-4.1	-5.3	18.4	21	27.5	0	0	0
P	4.9	-7.8	-7.3	-7.5	26.7	-8.5	-10	-6.2	-1.2	12.5	9.1	-10.4	8.2	10.1	2	-2.1	-5.3	8.9	10	14.3	0	0	0
S	7.3	-5.9	-4.3	-4.9	28.2	-7.1	-9.3	-5.3	-1.6	8.8	7.9	-10	7.8	8.9	-7.1	3	-3	7.6	10.5	11.7	0	0	0
T	6.7	-5.4	-5.2	-7	27.1	-7.3	-10.1	-8	-1.5	13.6	10.9	-10.1	9.3	11	-7.3	0.8	-2.6	9	12.3	16.2	0	0	0
W	9.9	-6.9	-8.8	-10.7	37.4	-8.6	-11.7	-9	-0.3	23.2	19.7	-12.1	16.2	18.4	-7.4	-3.8	-5.5	17	19.1	23.8	0	0	0
Y	10.2	-6.5	-8.6	-10.7	37.4	-8.4	-11.6	-8.8	0	23.7	19.9	-11.7	16.6	19.1	-7.7	-3.9	-5.3	16.9	19.8	24.6	0	0	0
V	13.4	-5.4	-10.7	-14.8	41.3	-8.6	-13.4	-11.4	1	35.9	29.2	-12.6	23	26	-8.4	-5.5	-3.9	22.1	25.1	36.7	0	0	0
B	0	0	0	0	0	0	0	0	0	0	0	0	0	0	0	0	0	0	0	0	0	0	0
Z	0	0	0	0	0	0	0	0	0	0	0	0	0	0	0	0	0	0	0	0	0	0	0
X	0	0	0	0	0	0	0	0	0	0	0	0	0	0	0	0	0	0	0	0	0	0	0
