#FEND850101
#T Aligning amino acid sequences: comparison of commonly used methods
#A Feng, D.F., Johnson, M.S. and Doolittle, R.F.
#J J. Mol. Evol. 21, 112-125 (1985)
	A	R	N	D	C	Q	E	G	H	I	L	K	M	F	P	S	T	W	Y	V	B	Z	X
A	6	2	3	4	2	3	4	5	2	2	2	3	2	2	5	5	5	2	2	5	0	0	0
R	2	6	2	2	2	3	2	3	4	2	2	5	2	1	3	3	3	2	1	2	0	0	0
N	3	2	6	5	2	3	3	3	4	2	1	4	1	1	2	5	4	0	3	2	0	0	0
D	4	2	5	6	1	4	5	4	3	1	1	3	0	1	2	3	2	0	2	3	0	0	0
C	2	2	2	1	6	1	0	3	2	2	2	0	2	3	2	4	2	3	3	2	0	0	0
Q	3	3	3	4	1	6	4	2	4	1	2	4	2	1	3	3	3	1	2	2	0	0	0
E	4	2	3	5	0	4	6	4	2	1	1	4	1	0	3	3	3	1	1	4	0	0	0
G	5	3	3	4	3	2	4	6	1	2	2	2	1	1	3	5	2	3	2	4	0	0	0
H	2	4	4	3	2	4	2	1	6	1	3	3	1	2	3	3	2	1	3	1	0	0	0
I	2	2	2	1	2	1	1	2	1	6	5	2	4	4	2	2	3	2	3	5	0	0	0
L	2	2	1	1	2	2	1	2	3	5	6	2	5	4	3	2	2	4	3	5	0	0	0
K	3	5	4	3	0	4	4	2	3	2	2	6	2	0	2	3	4	1	1	3	0	0	0
M	2	2	1	0	2	2	1	1	1	4	5	2	6	2	2	1	3	3	2	4	0	0	0
F	2	1	1	1	3	1	0	1	2	4	4	0	2	6	2	3	1	3	5	4	0	0	0
P	5	3	2	2	2	3	3	3	3	2	3	2	2	2	6	4	4	2	2	3	0	0	0
S	5	3	5	3	4	3	3	5	3	2	2	3	1	3	4	6	5	2	3	2	0	0	0
T	5	3	4	2	2	3	3	2	2	3	2	4	3	1	4	5	6	1	2	3	0	0	0
W	2	2	0	0	3	1	1	3	1	2	4	1	3	3	2	2	1	6	3	3	0	0	0
Y	2	1	3	2	3	2	1	2	3	3	3	1	2	5	2	3	2	3	6	3	0	0	0
V	5	2	2	3	2	2	4	4	1	5	5	3	4	4	3	2	3	3	3	6	0	0	0
B	0	0	0	0	0	0	0	0	0	0	0	0	0	0	0	0	0	0	0	0	0	0	0
Z	0	0	0	0	0	0	0	0	0	0	0	0	0	0	0	0	0	0	0	0	0	0	0
X	0	0	0	0	0	0	0	0	0	0	0	0	0	0	0	0	0	0	0	0	0	0	0
