#FITW660101
#T An improved method of testing for evolutionary homology
#A Fitch, W.M.
#J J. Mol. Biol. 16, 9-16 (1966)
	A	R	N	D	C	Q	E	G	H	I	L	K	M	F	P	S	T	W	Y	V	B	Z	X
A	0	2	2	1	2	2	1	1	2	2	2	2	2	2	1	1	1	2	2	1	0	0	0
R	2	0	2	2	1	1	2	1	1	2	1	1	1	2	1	1	1	1	2	2	0	0	0
N	2	2	0	1	2	2	2	2	1	1	2	1	2	2	2	1	1	3	1	2	0	0	0
D	1	2	1	0	2	2	1	1	1	2	2	2	3	2	2	2	2	3	1	1	0	0	0
C	2	1	2	2	0	2	3	1	2	2	2	3	3	1	2	1	2	1	1	1	0	0	0
Q	2	1	2	2	2	0	1	2	1	3	1	1	2	2	1	1	2	1	1	2	0	0	0
E	1	2	2	1	3	1	0	1	2	3	2	1	2	3	2	2	2	2	2	1	0	0	0
G	1	1	2	1	1	2	1	0	2	2	1	2	2	2	2	1	2	1	2	1	0	0	0
H	2	1	1	1	2	1	2	2	0	2	1	2	3	2	1	2	2	3	1	2	0	0	0
I	2	2	1	2	2	3	3	2	2	0	1	2	1	1	2	1	1	3	2	1	0	0	0
L	2	1	2	2	2	1	2	1	1	1	0	2	1	1	1	1	2	1	2	1	0	0	0
K	2	1	1	2	3	1	1	2	2	2	2	0	1	3	2	2	1	2	2	2	0	0	0
M	2	1	2	3	3	2	2	2	3	1	1	1	0	2	2	2	1	2	3	1	0	0	0
F	2	2	2	2	1	2	3	2	2	1	1	3	2	0	2	1	2	2	1	1	0	0	0
P	1	1	2	2	2	1	2	2	1	2	1	2	2	2	0	1	1	2	2	2	0	0	0
S	1	1	1	2	1	1	2	1	2	1	1	2	2	1	1	0	1	1	1	2	0	0	0
T	1	1	1	2	2	2	2	2	2	1	2	1	1	2	1	1	0	2	2	2	0	0	0
W	2	1	3	3	1	1	2	1	3	3	1	2	2	2	2	1	2	0	2	2	0	0	0
Y	2	2	1	1	1	1	2	2	1	2	2	2	3	1	2	1	2	2	0	2	0	0	0
V	1	2	2	1	1	2	1	1	2	1	1	2	1	1	2	2	2	2	2	0	0	0	0
B	0	0	0	0	0	0	0	0	0	0	0	0	0	0	0	0	0	0	0	0	0	0	0
Z	0	0	0	0	0	0	0	0	0	0	0	0	0	0	0	0	0	0	0	0	0	0	0
X	0	0	0	0	0	0	0	0	0	0	0	0	0	0	0	0	0	0	0	0	0	0	0
