#GEOD900101
#T Mutation data matrix and its uses
#A George, D.G., Barker, W.C. and Hunt, L.T.
#J Methods Enzymol. 183, 333-351 (1990)
	A	R	N	D	C	Q	E	G	H	I	L	K	M	F	P	S	T	W	Y	V	B	Z	X
A	10	5	9	5	9	9	5	9	10	8	8	5	9	7	9	9	10	5	7	8	0	0	0
R	5	10	6	9	4	6	9	5	5	3	3	10	3	1	3	6	5	0	2	3	0	0	0
N	9	6	10	6	8	10	6	10	9	7	7	6	8	6	8	10	9	4	6	7	0	0	0
D	5	9	6	10	5	6	10	6	5	3	3	9	4	2	4	7	5	1	3	4	0	0	0
C	9	4	8	5	10	8	5	8	9	9	9	4	10	8	9	8	9	6	8	9	0	0	0
Q	9	6	10	6	8	10	6	10	9	7	7	6	8	6	8	10	9	4	6	7	0	0	0
E	5	9	6	10	5	6	10	6	5	3	3	9	4	2	4	7	5	1	3	4	0	0	0
G	9	5	10	6	8	10	6	10	9	7	7	5	8	6	8	10	9	5	6	8	0	0	0
H	10	5	9	5	9	9	5	9	10	8	8	5	9	7	9	9	10	5	7	8	0	0	0
I	8	3	7	3	9	7	3	7	8	10	10	3	9	9	9	7	8	8	9	10	0	0	0
L	8	3	7	3	9	7	3	7	8	10	10	3	9	9	9	7	8	8	9	10	0	0	0
K	5	10	6	9	4	6	9	5	5	3	3	10	3	1	3	6	5	0	2	3	0	0	0
M	9	3	8	4	10	8	4	8	9	9	9	3	10	8	10	8	9	7	8	10	0	0	0
F	7	1	6	2	8	6	2	6	7	9	9	1	8	10	8	6	7	9	10	8	0	0	0
P	9	3	8	4	9	8	4	8	9	9	9	3	10	8	10	7	8	7	9	10	0	0	0
S	9	6	10	7	8	10	7	10	9	7	7	6	8	6	7	10	9	4	6	7	0	0	0
T	10	5	9	5	9	9	5	9	10	8	8	5	9	7	8	9	10	5	7	8	0	0	0
W	5	0	4	1	6	4	1	5	5	8	8	0	7	9	7	4	5	10	8	7	0	0	0
Y	7	2	6	3	8	6	3	6	7	9	9	2	8	10	9	6	7	8	10	9	0	0	0
V	8	3	7	4	9	7	4	8	8	10	10	3	10	8	10	7	8	7	9	10	0	0	0
B	0	0	0	0	0	0	0	0	0	0	0	0	0	0	0	0	0	0	0	0	0	0	0
Z	0	0	0	0	0	0	0	0	0	0	0	0	0	0	0	0	0	0	0	0	0	0	0
X	0	0	0	0	0	0	0	0	0	0	0	0	0	0	0	0	0	0	0	0	0	0	0
