#GIAG010101
#T Structural adaptation of enzymes to low temperatures
#A Gianese, G., Argos, P. and Pascarella, S.
#J Protein Eng. 14, 141-148 (2001)
	A	R	N	D	C	Q	E	G	H	I	L	K	M	F	P	S	T	W	Y	V	B	Z	X
A	0	-2.4	0.5	-1	-0.4	-0.1	-5.7	1.8	-0.2	-0.8	0.5	-1.8	0.2	-0.2	-2	-0.4	0.9	-0.4	-0.4	-3.9	0	0	0
R	2.4	0	2.1	0.9	0.2	2	0.9	0.8	0.1	0.2	0.5	3.4	0.1	-0.5	0.5	2.2	1.3	0.2	0.2	0.7	0	0	0
N	-0.5	-2.1	0	-1.3	0.2	-0.8	-1.9	-0.4	-0.3	-0.2	-0.5	-2.4	-0.2	-0.4	-0.8	-1.3	-1.5	0	0.4	-0.9	0	0	0
D	1	-0.9	1.3	0	-0.2	-1.2	-2.7	-1	-0.2	0	-0.8	-0.7	0.1	-0.1	-0.6	-0.3	1.2	-0.2	-0.1	0.1	0	0	0
C	0.4	-0.2	-0.2	0.2	0	0.1	-0.3	-0.3	0.1	-0.1	0.2	0	0	0	0	0	-0.9	-0.1	0.1	-0.6	0	0	0
Q	0.1	-2	0.8	1.2	-0.1	0	-1.5	-0.5	0.4	-0.5	-1.4	-1.9	0.5	-0.3	-0.3	0.1	0.7	-0.2	0	-0.8	0	0	0
E	5.7	-0.9	1.9	2.7	0.3	1.5	0	0	-0.4	0.5	-0.4	-1.7	0.4	-0.1	-0.7	2.7	2.2	-0.2	-0.1	-0.1	0	0	0
G	-1.8	-0.8	0.4	1	0.3	0.5	0	0	0.2	0	-0.1	-0.5	0.4	-0.5	-0.2	0.1	-0.1	-0.1	0.3	0.4	0	0	0
H	0.2	-0.1	0.3	0.2	-0.1	-0.4	0.4	-0.2	0	0.1	0.3	-0.4	0	-0.5	0.2	0.3	0	-0.3	-0.3	0.1	0	0	0
I	0.8	-0.2	0.2	0	0.1	0.5	-0.5	0	-0.1	0	-0.3	-0.6	1.3	-0.2	0.2	0.3	0.8	-0.5	0	-2.1	0	0	0
L	-0.5	-0.5	0.5	0.8	-0.2	1.4	0.4	0.1	-0.3	0.3	0	-0.7	0.2	-1	0.6	-0.1	-0.1	0.1	-0.7	0.1	0	0	0
K	1.8	-3.4	2.4	0.7	0	1.9	1.7	0.5	0.4	0.6	0.7	0	0.8	-0.7	0.1	2.6	1.4	0	0.1	1.1	0	0	0
M	-0.2	-0.1	0.2	-0.1	0	-0.5	-0.4	-0.4	0	-1.3	-0.2	-0.8	0	0.3	-0.2	-0.2	0.1	0.2	-0.1	-1	0	0	0
F	0.2	0.5	0.4	0.1	0	0.3	0.1	0.5	0.5	0.2	1	0.7	-0.3	0	0	0.5	-0.8	-0.7	0.5	0.3	0	0	0
P	2	-0.5	0.8	0.6	0	0.3	0.7	0.2	-0.2	-0.2	-0.6	-0.1	0.2	0	0	1.8	0.5	-0.1	0.1	0.2	0	0	0
S	0.4	-2.2	1.3	0.3	0	-0.1	-2.7	-0.1	-0.3	-0.3	0.1	-2.6	0.2	-0.5	-1.8	0	-1.6	-0.1	-0.1	0	0	0	0
T	-0.9	-1.3	1.5	-1.2	0.9	-0.7	-2.2	0.1	0	-0.8	0.1	-1.4	-0.1	0.8	-0.5	1.6	0	-0.4	0.4	-1.5	0	0	0
W	0.4	-0.2	0	0.2	0.1	0.2	0.2	0.1	0.3	0.5	-0.1	0	-0.2	0.7	0.1	0.1	0.4	0	-0.2	0.1	0	0	0
Y	0.4	-0.2	-0.4	0.1	-0.1	0	0.1	-0.3	0.3	0	0.7	-0.1	0.1	-0.5	-0.1	0.1	-0.4	0.2	0	-0.1	0	0	0
V	3.9	-0.7	0.9	-0.1	0.6	0.8	0.1	-0.4	-0.1	2.1	-0.1	-1.1	1	-0.3	-0.2	0	1.5	-0.1	0.1	0	0	0	0
B	0	0	0	0	0	0	0	0	0	0	0	0	0	0	0	0	0	0	0	0	0	0	0
Z	0	0	0	0	0	0	0	0	0	0	0	0	0	0	0	0	0	0	0	0	0	0	0
X	0	0	0	0	0	0	0	0	0	0	0	0	0	0	0	0	0	0	0	0	0	0	0
