#HENS920101
#T Amino acid substitution matrices from protein blocks
#A Henikoff, S. and Henikoff, J.G.
#J Proc. Natl. Acad. Sci. USA 89, 10915-10919 (1992)
	A	R	N	D	C	Q	E	G	H	I	L	K	M	F	P	S	T	W	Y	V	B	Z	X
A	5	-2	-1	-2	-1	-1	-1	0	-2	-1	-1	-1	-1	-2	-1	1	0	-2	-2	0	0	0	0
R	-2	7	0	-1	-3	1	0	-2	0	-3	-2	3	-1	-2	-2	-1	-1	-2	-1	-2	0	0	0
N	-1	0	6	2	-2	0	0	0	1	-2	-3	0	-2	-2	-2	1	0	-4	-2	-3	0	0	0
D	-2	-1	2	7	-3	0	2	-1	0	-4	-3	0	-3	-4	-1	0	-1	-4	-2	-3	0	0	0
C	-1	-3	-2	-3	12	-3	-3	-3	-3	-3	-2	-3	-2	-2	-4	-1	-1	-5	-3	-1	0	0	0
Q	-1	1	0	0	-3	6	2	-2	1	-2	-2	1	0	-4	-1	0	-1	-2	-1	-3	0	0	0
E	-1	0	0	2	-3	2	6	-2	0	-3	-2	1	-2	-3	0	0	-1	-3	-2	-3	0	0	0
G	0	-2	0	-1	-3	-2	-2	7	-2	-4	-3	-2	-2	-3	-2	0	-2	-2	-3	-3	0	0	0
H	-2	0	1	0	-3	1	0	-2	10	-3	-2	-1	0	-2	-2	-1	-2	-3	2	-3	0	0	0
I	-1	-3	-2	-4	-3	-2	-3	-4	-3	5	2	-3	2	0	-2	-2	-1	-2	0	3	0	0	0
L	-1	-2	-3	-3	-2	-2	-2	-3	-2	2	5	-3	2	1	-3	-3	-1	-2	0	1	0	0	0
K	-1	3	0	0	-3	1	1	-2	-1	-3	-3	5	-1	-3	-1	-1	-1	-2	-1	-2	0	0	0
M	-1	-1	-2	-3	-2	0	-2	-2	0	2	2	-1	6	0	-2	-2	-1	-2	0	1	0	0	0
F	-2	-2	-2	-4	-2	-4	-3	-3	-2	0	1	-3	0	8	-3	-2	-1	1	3	0	0	0	0
P	-1	-2	-2	-1	-4	-1	0	-2	-2	-2	-3	-1	-2	-3	9	-1	-1	-3	-3	-3	0	0	0
S	1	-1	1	0	-1	0	0	0	-1	-2	-3	-1	-2	-2	-1	4	2	-4	-2	-1	0	0	0
T	0	-1	0	-1	-1	-1	-1	-2	-2	-1	-1	-1	-1	-1	-1	2	5	-3	-1	0	0	0	0
W	-2	-2	-4	-4	-5	-2	-3	-2	-3	-2	-2	-2	-2	1	-3	-4	-3	15	3	-3	0	0	0
Y	-2	-1	-2	-2	-3	-1	-2	-3	2	0	0	-1	0	3	-3	-2	-1	3	8	-1	0	0	0
V	0	-2	-3	-3	-1	-3	-3	-3	-3	3	1	-2	1	0	-3	-1	0	-3	-1	5	0	0	0
B	0	0	0	0	0	0	0	0	0	0	0	0	0	0	0	0	0	0	0	0	0	0	0
Z	0	0	0	0	0	0	0	0	0	0	0	0	0	0	0	0	0	0	0	0	0	0	0
X	0	0	0	0	0	0	0	0	0	0	0	0	0	0	0	0	0	0	0	0	0	0	0
