#HORJ100101
#T HUSCY
#A Horst, J.A. and Samudrala, R.
#J Current Protein & Peptide Science, (2010)
	A	R	N	D	C	Q	E	G	H	I	L	K	M	F	P	S	T	W	Y	V	B	Z	X
A	0	961	973	407	989	937	225	901	982	971	961	909	938	987	629	716	628	985	997	573	0	0	0
R	961	0	976	992	230	511	991	696	44	926	647	755	748	957	804	735	790	21	970	957	0	0	0
N	973	976	0	461	876	982	976	977	464	443	979	439	947	967	991	692	620	997	371	978	0	0	0
D	417	992	464	0	950	965	275	593	515	966	974	970	993	983	994	978	988	998	623	587	0	0	0
C	988	234	873	948	0	960	990	666	961	964	991	995	996	614	986	68	917	59	2	978	0	0	0
Q	939	511	982	965	960	0	658	988	147	994	386	694	901	968	624	964	988	900	838	961	0	0	0
E	230	991	977	276	990	659	0	699	852	991	952	690	954	998	983	991	992	985	995	443	0	0	0
G	902	692	977	588	688	988	697	0	990	984	968	984	994	989	989	600	971	757	986	735	0	0	0
H	982	43	467	519	962	146	851	990	0	982	823	889	996	950	956	972	982	994	99	989	0	0	0
I	970	927	439	966	962	994	991	984	982	0	835	805	414	737	983	728	364	999	989	502	0	0	0
L	960	648	979	974	990	386	953	968	825	835	0	879	468	790	742	926	972	918	993	730	0	0	0
K	911	758	447	971	995	697	691	985	890	801	877	0	416	996	984	976	791	933	980	963	0	0	0
M	936	749	947	993	996	902	955	994	996	412	467	420	0	907	981	968	582	992	999	399	0	0	0
F	986	957	967	983	610	968	998	989	950	736	789	997	907	0	989	599	959	987	332	829	0	0	0
P	635	802	990	994	987	624	983	989	957	984	742	984	981	989	0	633	768	984	984	987	0	0	0
S	720	733	693	978	73	964	991	603	972	726	926	976	968	598	634	0	544	710	404	963	0	0	0
T	633	790	621	988	917	988	992	972	982	362	972	790	580	958	768	548	0	991	956	894	0	0	0
W	984	21	997	998	58	901	985	756	994	999	916	935	992	987	984	713	991	0	968	991	0	0	0
Y	997	971	371	626	0	839	995	986	99	989	993	981	999	330	984	405	956	968	0	992	0	0	0
V	569	957	977	582	977	961	441	731	989	507	734	963	406	833	987	963	893	992	992	0	0	0	0
B	0	0	0	0	0	0	0	0	0	0	0	0	0	0	0	0	0	0	0	0	0	0	0
Z	0	0	0	0	0	0	0	0	0	0	0	0	0	0	0	0	0	0	0	0	0	0	0
X	0	0	0	0	0	0	0	0	0	0	0	0	0	0	0	0	0	0	0	0	0	0	0
