#JOND940101
#T A mutation data matrix for transmembrane proteins
#A Jones, D.T., Taylor, W.R. and Thornton, J.M.
#J FEBS Lett. 339, 269-275 (1994)
	A	R	N	D	C	Q	E	G	H	I	L	K	M	F	P	S	T	W	Y	V	B	Z	X
A	2	-1	-1	0	0	-2	0	1	-3	0	-2	-2	-1	-2	0	2	1	-4	-3	0	0	0	0
R	-1	7	2	1	-1	6	2	0	5	-3	-3	9	0	-4	-3	-1	-1	5	-1	-2	0	0	0
N	-1	2	11	6	-1	3	1	-2	3	-3	-4	5	-2	-4	-2	2	1	-3	-1	-3	0	0	0
D	0	1	6	12	-3	2	8	3	3	-3	-5	3	-3	-6	-2	0	0	-4	-2	-3	0	0	0
C	0	-1	-1	-3	6	-3	-3	-1	-1	-1	-1	-3	-1	1	-4	1	0	1	3	0	0	0	0
Q	-2	6	3	2	-3	11	7	-1	7	-4	-2	6	-2	-4	0	-1	-2	0	0	-4	0	0	0
E	0	2	1	8	-3	7	13	3	2	-4	-5	1	-3	-6	-3	0	-1	-3	-5	-2	0	0	0
G	1	0	-2	3	-1	-1	3	6	-3	-2	-4	-1	-3	-4	-2	1	0	-2	-5	-1	0	0	0
H	-3	5	3	3	-1	7	2	-3	11	-4	-4	4	-3	-3	-4	-2	-2	-1	6	-4	0	0	0
I	0	-3	-3	-3	-1	-4	-4	-2	-4	2	1	-4	1	-1	-3	-1	0	-3	-4	2	0	0	0
L	-2	-3	-4	-5	-1	-2	-5	-4	-4	1	3	-4	1	1	-1	-2	-1	-2	-3	0	0	0	0
K	-2	9	5	3	-3	6	1	-1	4	-4	-4	12	-1	-5	-4	-1	-2	3	1	-4	0	0	0
M	-1	0	-2	-3	-1	-2	-3	-3	-3	1	1	-1	3	0	-3	-2	0	-2	-3	1	0	0	0
F	-2	-4	-4	-6	1	-4	-6	-4	-3	-1	1	-5	0	5	-4	-1	-2	-3	2	-1	0	0	0
P	0	-3	-2	-2	-4	0	-3	-2	-4	-3	-1	-4	-3	-4	11	-1	-1	-6	-5	-3	0	0	0
S	2	-1	2	0	1	-1	0	1	-2	-1	-2	-1	-2	-1	-1	3	2	-3	0	-1	0	0	0
T	1	-1	1	0	0	-2	-1	0	-2	0	-1	-2	0	-2	-1	2	3	-4	-3	0	0	0	0
W	-4	5	-3	-4	1	0	-3	-2	-1	-3	-2	3	-2	-3	-6	-3	-4	12	-2	-2	0	0	0
Y	-3	-1	-1	-2	3	0	-5	-5	6	-4	-3	1	-3	2	-5	0	-3	-2	10	-4	0	0	0
V	0	-2	-3	-3	0	-4	-2	-1	-4	2	0	-4	1	-1	-3	-1	0	-2	-4	2	0	0	0
B	0	0	0	0	0	0	0	0	0	0	0	0	0	0	0	0	0	0	0	0	0	0	0
Z	0	0	0	0	0	0	0	0	0	0	0	0	0	0	0	0	0	0	0	0	0	0	0
X	0	0	0	0	0	0	0	0	0	0	0	0	0	0	0	0	0	0	0	0	0	0	0
