#KOSJ950103
#T Context-dependent optimal substitution matrices.
#A Koshi, J.M. and Goldstein, R.A.
#J Protein Engineering 8, 641-645 (1995)
	A	R	N	D	C	Q	E	G	H	I	L	K	M	F	P	S	T	W	Y	V	B	Z	X
A	46.2	1.1	0.8	0.8	0.1	0.3	0.3	2.5	0.1	2	2.3	0.9	0.4	0.3	0.2	4.4	2	0.4	0.1	4.1	0	0	0
R	1.3	64.3	2.5	1.7	0.5	2.6	0.1	2.4	2.1	0.2	0.2	8.7	0.4	0.4	0.6	3.5	1.2	0.6	0.5	1.1	0	0	0
N	1.7	1.2	55.1	6.4	0.5	1.3	1.7	4.4	0.8	0.1	0.4	3.8	0.7	0.3	0.2	8.9	1.3	0.3	1.4	1	0	0	0
D	2.9	0.2	9.4	61.5	0.1	1.9	9.2	3.4	0.4	0.1	0.6	3.1	0.1	0.1	1.4	2.5	1.4	0.1	0.2	0.3	0	0	0
C	7.1	0.1	0.1	0.1	66.1	0.1	0.1	2	0.8	0.4	0.7	0.1	0.3	3	0.1	2.6	0.1	0.1	0.3	0.1	0	0	0
Q	4.9	3.9	3.3	2.3	0.1	48.8	4.8	1.7	2	1.6	4.3	4.7	0.8	0.4	2.1	1.6	3.3	0.1	0.1	0.9	0	0	0
E	3.8	1	1.1	7	0.1	3.5	57.8	1.1	1.5	1.1	1.7	4.5	0.4	0.4	1.7	3.3	1	0.4	0.3	1	0	0	0
G	2.8	0.4	2.9	2.8	0.1	0.8	1.9	74.8	0.4	0.1	0.1	1.7	0.1	0.4	0.3	2.2	1.9	0.1	0.1	0.3	0	0	0
H	1.8	0.1	4	0.1	0.6	2.9	1.4	0.7	56	0.6	0.4	2.9	0.2	2.8	2.2	2.2	0.1	0.9	5.9	0.1	0	0	0
I	0.1	0.1	0.1	0.1	0.5	0.1	0.1	0.1	0.1	65.5	7	0.1	2.4	0.8	0.5	0.1	2.7	0.7	0.9	8.8	0	0	0
L	0.7	3.1	0.3	0.1	0.1	0.1	0.7	0.3	0.4	3.7	68.3	0.8	4.4	1.7	0.6	0.3	1	1	1.3	2.8	0	0	0
K	4.7	8.1	2.6	1.3	0.1	5.9	4.4	1.3	1.6	0.1	1.4	58.1	0.5	0.5	0.5	2.9	2	0.1	0.5	1.5	0	0	0
M	1.3	0.8	0.1	0.1	0.4	0.1	0.1	0.1	0.6	4.7	6.8	0.8	61	2.9	0.1	0.1	1.1	0.1	2.8	1.8	0	0	0
F	0.1	0.8	0.7	0.1	0.4	0.4	0.1	0.1	0.1	0.6	3.5	0.9	0.7	70	0.7	0.1	0.1	2.9	2.4	1.5	0	0	0
P	7.5	1.7	1	1.2	0.1	0.4	2.2	0.7	0.4	0.9	0.8	2.3	0.4	0.1	70.2	3	2.4	0.1	0.2	0.6	0	0	0
S	10.8	1.1	2.5	5.3	0.9	1.7	1.8	5.1	1	0.4	1.4	3.1	0.4	0.6	1.8	49.6	8.8	0.1	0.8	0.7	0	0	0
T	2.9	1.3	2.9	1.5	0.1	1.5	1.5	0.9	0.2	2	1	1.9	0.6	0.1	0.5	9.5	54	0.3	0.1	2.8	0	0	0
W	0.1	0.1	0.1	0.1	0.7	0.1	0.1	0.1	0.1	0.1	0.3	0.1	0.1	0.1	1	0.1	0.1	77	10.5	0.1	0	0	0
Y	0.1	0.4	0.1	0.1	0.1	0.1	0.7	0.1	0.9	1.2	2.8	0.5	0.1	8.4	0.3	0.1	0.4	0.1	71.2	0.5	0	0	0
V	2.7	0.2	0.3	0.1	1.8	0.8	0.1	1	0.5	10.3	4.5	1.3	1.1	2.7	0.1	0.7	2.1	0.3	1.9	60.1	0	0	0
B	0	0	0	0	0	0	0	0	0	0	0	0	0	0	0	0	0	0	0	0	0	0	0
Z	0	0	0	0	0	0	0	0	0	0	0	0	0	0	0	0	0	0	0	0	0	0	0
X	0	0	0	0	0	0	0	0	0	0	0	0	0	0	0	0	0	0	0	0	0	0	0
