#KOSJ950111
#T Context-dependent optimal substitution matrices.
#A Koshi, J.M. and Goldstein, R.A.
#J Protein Engineering 8, 641-645 (1995)
	A	R	N	D	C	Q	E	G	H	I	L	K	M	F	P	S	T	W	Y	V	B	Z	X
A	54.3	1.1	1.3	1.6	2.1	0.8	0.9	3.4	0.6	1.6	2.4	1.2	0.4	0.2	1.8	4.2	2.3	0.3	0.1	3.6	0	0	0
R	1.1	68.1	2.3	1.3	0.3	2.8	0.2	1.7	1.9	0.4	0.5	6.9	0.4	0.3	0.7	2.5	1.1	0.5	0.5	1.1	0	0	0
N	1.5	1.4	60.1	6.7	0.4	1.4	1.6	4.2	1.3	0	0.8	3.6	0.5	0.2	0.3	6.4	1	0.2	1.1	0.7	0	0	0
D	1.9	0.3	7.5	64.1	0.6	1.5	8.3	3.3	0.6	0.1	0.2	2.4	0	0	1.3	2.9	1.2	0	0.3	0.4	0	0	0
C	8.6	0.1	0.1	2.6	67	0	1.3	2.3	1.1	0.4	0	0	0.2	2.3	0.3	2.6	0	0.2	1.2	0.6	0	0	0
Q	3.2	3.5	2.1	1.8	0	52.5	4	1.6	2.5	1.4	3.9	4.7	0.9	0.2	2.3	0.7	2.2	0.4	0	1.4	0	0	0
E	3.8	1	1.3	7.4	0.3	4.1	60	0.9	1.2	0.8	1.2	4.7	0.3	0.3	2	2.9	1.5	0.2	0.2	1	0	0	0
G	2.7	0.4	2.2	2.1	0.6	0.6	1.5	78.5	0.3	0	0.2	1.5	0.1	0.3	0.2	1.9	1.5	0.1	0.1	0.2	0	0	0
H	2.5	0.5	3.1	0.1	0.7	1.8	2.4	0.7	64.6	0.6	0.7	2.6	1	2.2	2.6	2	0.8	0	5.1	0	0	0	0
I	0.4	0.1	0.2	0	0.4	0.3	0.4	0	0.1	68.5	6.5	0.3	3.1	1.1	0.4	0.1	2.2	0.1	0.5	7.7	0	0	0
L	1.3	2.2	0.2	0.7	0.2	1	0.8	0.4	0.4	4.9	70.1	0.4	3.9	2.3	0.3	0.3	0.8	0.6	1	3.1	0	0	0
K	3.8	8.2	2.7	1.2	0	5.4	3.6	1.4	1.3	0.1	1.5	60.8	0.6	0.5	0.4	2.8	2.1	0	0.4	1.1	0	0	0
M	0.4	1.2	0.1	0	0.9	0.2	1.3	0	0.2	3.3	7.8	0.9	67.3	3.3	0	0.1	0.7	0.4	1.3	2.9	0	0	0
F	0	0.6	0.9	0	0.6	0.7	0.1	0.1	0.8	0.6	3.1	0.6	0.9	73.1	0.4	0.5	0	1.8	5.7	1.8	0	0	0
P	4.6	1.4	1.1	0.8	0.1	0.6	1.5	0.7	0.6	0.7	1	1.6	0.2	0.4	76.2	2.7	1.8	0.1	0.2	0.4	0	0	0
S	8.2	1.5	2.7	4.2	1.1	1.8	1.6	4.5	0.8	0.3	1.2	2.6	0.3	0.6	1.2	52.9	6.9	0.3	0.8	0.7	0	0	0
T	2.9	0.9	3.1	1.5	0.2	1.3	1.5	1	0.2	2	0.6	1.9	1	0.1	1.2	10	60.7	0.2	0.2	2.6	0	0	0
W	0.1	0.1	0	0	0.9	0.1	0	0.4	0	0.5	0.1	0	1.5	1.3	0.3	1.1	0.7	82.1	4.9	0.7	0	0	0
Y	0.5	0.3	0.3	0.1	0.3	0.2	0.8	0	2.1	0.9	2	0.7	0.3	6.8	0	0.2	0.8	1.2	73.4	0.4	0	0	0
V	3.9	0.3	0.7	0.2	0.8	0.8	0.2	0.8	0.1	8.4	4.8	0.7	0.7	2.2	0.8	0.7	2.8	0.5	1.5	62.8	0	0	0
B	0	0	0	0	0	0	0	0	0	0	0	0	0	0	0	0	0	0	0	0	0	0	0
Z	0	0	0	0	0	0	0	0	0	0	0	0	0	0	0	0	0	0	0	0	0	0	0
X	0	0	0	0	0	0	0	0	0	0	0	0	0	0	0	0	0	0	0	0	0	0	0
