#KOSJ950114
#T Context-dependent optimal substitution matrices.
#A Koshi, J.M. and Goldstein, R.A.
#J Protein Engineering 8, 641-645 (1995)
	A	R	N	D	C	Q	E	G	H	I	L	K	M	F	P	S	T	W	Y	V	B	Z	X
A	76.3	0.6	0.5	0.6	1.7	0.6	1	2.8	0.2	0.9	1.5	0.4	0.5	0.3	1.1	4.4	1.7	0	0.4	3.7	0	0	0
R	0.7	72.9	0.9	0.1	0.4	2.4	0.4	0.9	1.7	1.1	1.4	3.7	0.2	0.3	0.6	1.7	1.9	0.1	0.4	0.1	0	0	0
N	2	1.1	65.7	3.1	0.6	1.3	0.9	2.5	1.6	1.2	1.5	1.6	0.4	0.1	0.5	4.8	2.6	0.1	1	1.3	0	0	0
D	2.5	0.6	3	66.9	0.4	0.6	4.2	2	0.7	0.8	0.8	0.9	0	0.2	1	2.7	1.5	0.2	1	0.5	0	0	0
C	6.9	0.1	0.1	1.5	71.6	0.1	0.6	1.4	0.3	1.8	2	0	0.5	1.3	0	2	0.7	0.1	0.1	3.2	0	0	0
Q	2.4	1.7	1.3	0.9	0.4	67.3	2	0.8	1.9	0.6	3.6	2.9	2.3	1	0.9	1.3	1.1	0.8	0.4	0.5	0	0	0
E	4	1.8	0.6	2.5	0.4	3.8	62.5	1.8	0.5	0.1	2.5	1.6	0.3	0	0.5	2.5	1	0	1.3	2.5	0	0	0
G	3.6	0.3	0.6	0.5	0.3	0.4	0.4	85.7	0.2	0.1	0.3	0.5	0.1	0.1	0.2	1.7	0.7	0.2	0.1	0.4	0	0	0
H	0.6	0.8	0.9	0.6	0.4	1.4	0.5	0	84.1	0.6	1	0.6	0.8	2	0.3	0.5	0.5	0.6	2.6	0.2	0	0	0
I	0.4	0.3	0.3	0.2	0.4	0.1	0.2	0	0.1	73.9	7.7	0.4	2.2	1.5	0.2	0.3	0.8	0.2	0.2	8.8	0	0	0
L	0.6	0.3	0.4	0.2	0.5	0.9	0.6	0.2	0.2	5	78.6	1.1	3	2.4	0.3	0.1	0.4	0.2	0.5	3.4	0	0	0
K	1.8	5.4	1.6	0.5	0	1.3	1.8	1.7	1.5	1.6	4.8	46.8	1.1	0.6	0.4	1.1	2.8	0.2	1.1	3.7	0	0	0
M	1.2	0.2	0.3	0.2	0.7	0.6	0.3	0.4	0.2	5.1	12.2	0.3	68.7	2.2	0.1	0.1	0.4	0.4	0.1	4.2	0	0	0
F	0.2	0.1	0.1	0.1	0.3	0.2	0	0.4	0.5	1.5	4.7	0.1	1	80.2	0.1	0.5	0.4	1.6	4.6	1.4	0	0	0
P	4.6	0.4	1	0.2	0.1	1.2	0.8	0.9	0.8	1	1.3	0.3	0.5	0.4	73.3	2.9	1.5	0	0	1	0	0	0
S	7.1	1.1	1.5	0.8	1.6	0.9	0.6	2.2	0.8	0.5	0.4	0.7	0.4	1.1	1.2	62.2	5.9	0.1	0.9	1.2	0	0	0
T	3.8	0.5	0.8	0.4	0.9	0.8	0.9	0.6	0.3	3.1	1.7	0.9	1.7	0.2	0.6	4.5	68.2	0	0.4	6.4	0	0	0
W	0	0.6	0	0	0.4	0.2	0	0.2	0.1	0.7	0.8	0.7	0.7	1.4	0	0.5	0.2	89	1.7	0.8	0	0	0
Y	0.4	0.4	0.6	0.2	0.6	0.2	0.3	0	1.5	0.9	2	0.5	0.5	9.7	0.2	0.2	0.5	0.7	78	0.6	0	0	0
V	2.5	0.2	0.3	0.2	0.8	0.1	0.6	0.1	0.1	11.1	3.8	0.9	1	1.2	0.3	0.5	1.6	0.2	0.1	73	0	0	0
B	0	0	0	0	0	0	0	0	0	0	0	0	0	0	0	0	0	0	0	0	0	0	0
Z	0	0	0	0	0	0	0	0	0	0	0	0	0	0	0	0	0	0	0	0	0	0	0
X	0	0	0	0	0	0	0	0	0	0	0	0	0	0	0	0	0	0	0	0	0	0	0
