#KOSJ950113
#T Context-dependent optimal substitution matrices.
#A Koshi, J.M. and Goldstein, R.A.
#J Protein Engineering 8, 641-645 (1995)
	A	R	N	D	C	Q	E	G	H	I	L	K	M	F	P	S	T	W	Y	V	B	Z	X
A	51.3	0.7	0.6	1.1	1	1.2	1.2	3	0.4	1.2	2.1	1.2	0.7	0.2	2.1	4.2	2.8	0.3	0.2	3.2	0	0	0
R	1.2	62.9	1.6	0.7	0.1	2.9	0.9	0.7	1.6	0.6	1.1	7.3	0.5	0.4	0.6	2.2	1.6	0.6	0.4	0.8	0	0	0
N	1.8	1.5	52.6	6.4	0.4	2.3	2.7	2.8	1.7	0.4	1	4.8	0.8	0.4	0.1	7.9	2.7	0.3	1.2	0.9	0	0	0
D	2.8	0.7	8	59.2	0.3	1.7	8.3	2.3	0.3	0.4	0.4	2.3	0.2	0.1	1.4	2.6	1.2	0	0.4	0.2	0	0	0
C	4.2	0	0.3	1.3	64.7	0	0.9	1.1	0.5	1.1	1	0	1.5	2.2	0	1.7	0.9	0	0.1	0.3	0	0	0
Q	3.1	3.7	1.8	1.7	0.1	51	5.9	1	1.7	0.5	3	3.9	0.8	0.1	1	2.3	2.6	0.1	0.6	1.4	0	0	0
E	4.3	0.9	1.3	6.7	0.2	4.5	58.3	1.1	1.1	0.6	1	4.2	0.5	0.3	1.4	2.5	1.8	0.2	0.1	1.3	0	0	0
G	2.6	0.4	2.2	2.3	0.3	0.6	1.6	71	0.3	0	0.1	1.2	0.3	0.5	0.3	2.2	1.7	0.2	0.2	0.4	0	0	0
H	0.9	3.3	5	1	0.1	2.2	1.7	0.8	54.8	0.6	1.1	1.3	0.5	1.9	1.4	2.6	0.1	0	4.4	2.4	0	0	0
I	0.3	0.3	0.2	0.1	0.3	0.2	0.3	0	0.1	54.4	7.6	0.7	2	1.5	0.6	0	2.1	0.3	0.6	11.3	0	0	0
L	0.7	1.2	0.4	0.1	0.2	0.8	0.4	0.3	0.6	3.8	64.4	0.8	3.5	2.8	0.5	0.3	0.6	0.5	0.7	2.6	0	0	0
K	3.8	7.9	2.3	1.6	0.2	4.6	4.9	1.2	1.3	0.4	1.4	56	0.4	0.4	0.9	3	3.2	0.1	0.3	1.4	0	0	0
M	2.8	0.7	0.2	0	0.4	1.1	1.9	1.1	0.1	6.6	7.7	1.8	49.9	2.1	0.1	1.4	2.7	0.8	0.8	3.5	0	0	0
F	0.6	0.5	0.5	0.2	0.5	0.4	0.2	0.1	0.5	1.7	2.8	0.7	0.6	66.6	0.4	0.8	0.5	1.1	5.9	1.2	0	0	0
P	4.9	1.3	0.6	0.8	0	0.8	1.3	0.9	0.4	0.4	1	1.3	0.3	0.1	66	3.5	1.3	0.1	0.4	0.9	0	0	0
S	7.4	1.3	2.7	3	0.9	1.1	1.9	4.3	0.8	0.1	0.5	1.8	0.3	0.3	2.3	50.1	8.1	0	0.5	1.3	0	0	0
T	4	0.9	2.5	1.2	0.2	1.3	1.2	0.6	0.6	2.8	2.3	2	0.7	0.2	1.3	7.4	53	0.3	0.4	3.6	0	0	0
W	0.1	0.1	0.1	0	0	0	0	0	0	0.6	2	0.5	0.2	2.5	0.4	0	0.1	75.4	4.2	0.1	0	0	0
Y	0.6	0.4	0.4	0.2	0.5	0.1	0.6	0.2	1.5	1.6	3	0.6	0.4	7.8	0.1	0.7	0.7	1	66.8	1.2	0	0	0
V	2.5	0.4	0.5	0.4	0.6	0.8	0.6	0.6	0.6	10.4	3.7	0.7	0.9	1.6	0.3	0.7	1.6	0.3	0.7	54.8	0	0	0
B	0	0	0	0	0	0	0	0	0	0	0	0	0	0	0	0	0	0	0	0	0	0	0
Z	0	0	0	0	0	0	0	0	0	0	0	0	0	0	0	0	0	0	0	0	0	0	0
X	0	0	0	0	0	0	0	0	0	0	0	0	0	0	0	0	0	0	0	0	0	0	0
