#KOSJ950115
#T Context-dependent optimal substitution matrices.
#A Koshi, J.M. and Goldstein, R.A.
#J Protein Engineering 8, 641-645 (1995)
	A	R	N	D	C	Q	E	G	H	I	L	K	M	F	P	S	T	W	Y	V	B	Z	X
A	61.9	0.8	0.6	1.3	1.6	1	1.6	3.7	0.3	0.6	1.6	1.3	0.5	0.2	1.9	5.9	3.2	0.2	0.4	2.6	0	0	0
R	1.3	67.2	1.4	0.7	0.2	2.4	0.7	0.6	1.3	0.6	1	5.7	0.3	0.2	0.7	1.9	1.4	0.3	0.5	0.4	0	0	0
N	1.8	1.5	60.9	5.4	0.3	1.8	2	2.5	1.6	0.5	0.8	3.5	0.7	0.1	0.4	5.6	2	0.4	1	1	0	0	0
D	2	0.5	6.1	65	0.4	1.2	6.9	1.9	0.3	0.4	0.4	1.9	0.3	0.2	1.1	2.4	1	0	0.5	0.2	0	0	0
C	6.6	0	0.3	1.6	64.4	0	1.2	1.3	0.5	1.8	1.2	0	0.5	1.6	0	2.6	1	0.2	0.2	1.2	0	0	0
Q	2.4	3.3	1.6	1.7	0.2	58.4	4.9	1	1.8	0.5	2	3.5	0.8	0.3	1	1.9	1.9	0.5	0.5	0.6	0	0	0
E	3.2	1	1.4	5.8	0.3	4.3	62.1	1.2	0.9	0.4	1.1	4	0.2	0.1	1.2	2.2	1.3	0.2	0.1	1.2	0	0	0
G	2.5	0.4	1.4	1.6	0.4	0.5	1.1	77.8	0.3	0	0.2	1	0.1	0.2	0.3	1.9	1.1	0.1	0.2	0.4	0	0	0
H	0.9	2.7	2.8	1.1	0.3	2.4	1.4	0.8	65.4	0.5	1.5	1.5	0.8	1.5	1	1.9	0.5	0.4	2.9	0.3	0	0	0
I	0.8	0.3	0.4	0.1	0.4	0.1	0.4	0.2	0.1	64.8	7.7	0.4	2	1.7	0.3	0.3	1.6	0.3	0.3	10.9	0	0	0
L	0.9	0.7	0.2	0.1	0.3	1	0.3	0.1	0.4	4.7	71.7	0.8	3.2	2.8	0.3	0.2	0.6	0.2	0.8	3.7	0	0	0
K	2.9	8.1	2.3	1.4	0.1	4.1	4.3	1.1	1.2	0.4	1.4	58.7	0.5	0.5	1.2	2.5	2.6	0.1	0.3	1.4	0	0	0
M	2	0.8	0.2	1.3	0.4	1	0.9	0.6	0.2	5.5	9.2	0.8	59.4	2.2	0.1	0.6	1.7	0.2	0.2	3.4	0	0	0
F	0.3	0.2	0.4	0.2	0.4	0.4	0.2	0.3	0.4	1.4	3.7	0.1	0.9	73.8	0.3	0.9	0.6	1.4	6.4	1.5	0	0	0
P	3.5	0.9	0.6	0.6	0	0.8	1	0.7	0.4	0.5	0.9	0.9	0.6	0.1	71.2	2.8	1.4	0	0.5	0.7	0	0	0
S	5.1	1.4	3	2.2	0.9	1.1	1.5	3.3	0.6	0.4	0.5	1.4	0.3	0.5	1.8	56.8	6.1	0.3	0.5	0.8	0	0	0
T	3.1	0.9	2.2	1.1	0.4	1.1	1.2	0.9	0.6	2	1.4	2	0.8	0.1	1.1	6.9	61.8	0.1	0.4	3.2	0	0	0
W	0.1	0.4	0.1	0	0.7	0.1	0	0.5	0.1	0.4	1	0.6	0.8	2.3	0	1.3	0.2	82.3	2.5	0.7	0	0	0
Y	0.6	0.5	0.6	0.4	0.7	0.2	0.5	0.3	1.7	0.9	2	0.6	0.4	7.1	0.1	0.6	0.9	0.7	73.2	0.7	0	0	0
V	3.7	0.5	0.4	0.2	0.8	0.5	0.4	0.3	0.1	8.8	3.6	0.4	0.8	1.2	0.4	0.9	2.5	0.2	0.5	64	0	0	0
B	0	0	0	0	0	0	0	0	0	0	0	0	0	0	0	0	0	0	0	0	0	0	0
Z	0	0	0	0	0	0	0	0	0	0	0	0	0	0	0	0	0	0	0	0	0	0	0
X	0	0	0	0	0	0	0	0	0	0	0	0	0	0	0	0	0	0	0	0	0	0	0
