#KOSJ950107
#T Context-dependent optimal substitution matrices.
#A Koshi, J.M. and Goldstein, R.A.
#J Protein Engineering 8, 641-645 (1995)
	A	R	N	D	C	Q	E	G	H	I	L	K	M	F	P	S	T	W	Y	V	B	Z	X
A	65.6	0.8	2.3	0.7	0.1	0.5	2	7.6	1.3	1.2	2.7	0.1	0.4	0.1	3.2	0.8	4.5	0.1	0.1	4.4	0	0	0
R	1.7	81.2	1.2	0.1	0.6	2.8	0.6	0.1	0.8	0.7	0.1	3.6	0.1	0.1	0.6	0.1	1.1	0.1	0.6	0.7	0	0	0
N	1	1.9	79.8	5	0.1	0.6	0.2	3.5	2.1	0.1	1.1	1.1	0.1	0.3	0.1	2.2	0.1	0.1	0.1	0.2	0	0	0
D	0.1	0.4	3.1	78.1	0.1	0.1	4	1.7	1.5	0.1	1.3	0.1	0.4	0.1	0.7	1.9	0.5	0.1	0.9	0.8	0	0	0
C	9.5	0.1	0.1	4	73	0.1	2.3	2.9	0.1	0.1	0.1	0.1	0.1	1.5	0.7	1.9	0.1	0.1	0.1	1.2	0	0	0
Q	0.1	2.9	0.1	0.1	0.1	70.3	4.6	2.7	4.6	0.9	0.1	4.7	1.8	0.1	3.3	0.1	0.1	0.7	0.1	0.1	0	0	0
E	2.2	0.1	1.4	9.3	0.1	3.8	71.2	0.3	0.1	0.1	0.1	3.4	0.1	0.1	3	1.2	3.2	0.1	0.1	1.5	0	0	0
G	1.6	0.3	0.3	0.7	0.1	0.1	0.3	91.5	0.1	0.1	0.3	1	0.1	0.1	0.1	1.6	0.1	0.1	0.1	0.1	0	0	0
H	1	0.1	0.1	0.1	0.1	0.1	1.2	0.1	85.1	0.1	0.1	0.9	1.7	2.6	2.8	1.2	1.2	0.1	1.9	0.1	0	0	0
I	0.1	0.1	1.2	0.1	0.1	0.2	0.5	0.1	0.1	76.1	7.3	0.4	4	1.2	0.1	0.1	1.9	0.1	0.1	6.9	0	0	0
L	1.6	1	0.1	0.4	0.4	2.4	0.6	0.5	0.9	5.8	75.9	0.5	3.1	2.9	0.1	0.1	0.4	0.1	0.4	3	0	0	0
K	1	5.8	5.9	1.1	0.1	2.6	0.1	1.7	0.1	0.1	0.1	76.7	1.1	0.1	0.1	0.6	3.9	0.1	0.1	0.1	0	0	0
M	0.1	1	0.6	0.1	0.2	0.1	1.7	0.1	0.1	2.4	8.3	0.8	78.9	3	0.1	0.1	0.1	0.1	0.1	3.5	0	0	0
F	0.3	0.1	0.5	0.1	0.1	0.1	0.1	0.1	0.8	0.7	2.7	0.3	1.1	81.2	0.1	1.2	0.1	1.3	6.7	2.1	0	0	0
P	1.7	0.3	0.9	0.1	0.1	0.5	0.1	0.6	0.1	0.6	1.4	0.1	0.1	0.1	90.7	1.8	0.3	0.1	0.1	0.1	0	0	0
S	14.2	1.8	1.7	4.3	1.1	1.5	1	0.1	0.9	0.9	0.8	1.7	0.1	0.1	0.1	67.3	0.8	0.1	1	0.1	0	0	0
T	1.1	0.1	2.6	0.4	1.3	0.1	0.1	1.1	0.1	0.9	0.1	0.7	1.5	0.3	2.6	11.7	72.3	0.1	0.1	2.3	0	0	0
W	0.1	0.1	0.1	0.1	0.7	0.1	0.1	0.6	0.1	0.9	0.3	0.1	1.3	1.8	0.1	1.2	0.7	88.7	1.5	0.7	0	0	0
Y	0.5	0.1	1.6	0.1	0.4	0.8	0.7	0.1	4.9	0.3	1.3	0.4	0.1	6.5	0.1	0.1	1.1	0.1	79.7	0.1	0	0	0
V	5.1	0.1	1.1	0.5	0.1	1.1	0.1	0.1	0.1	7	6.2	0.1	0.1	1.7	1.4	0.8	3.2	0.3	0.8	67.2	0	0	0
B	0	0	0	0	0	0	0	0	0	0	0	0	0	0	0	0	0	0	0	0	0	0	0
Z	0	0	0	0	0	0	0	0	0	0	0	0	0	0	0	0	0	0	0	0	0	0	0
X	0	0	0	0	0	0	0	0	0	0	0	0	0	0	0	0	0	0	0	0	0	0	0
