#LEVJ860101
#T An algorithm for secondary structure determination in proteins based on
#A Levin, J.M., Robson, B. and Garnier, J.
#J FEBS Lett. 205, 303-308 (1986)
	A	R	N	D	C	Q	E	G	H	I	L	K	M	F	P	S	T	W	Y	V	B	Z	X
A	2	0	0	0	0	0	1	0	0	0	0	0	0	-1	-1	1	0	-1	-1	0	0	0	0
R	0	2	0	0	0	0	0	0	0	-1	-1	1	-1	-1	0	0	0	0	-1	-1	0	0	0
N	0	0	3	1	0	1	0	0	0	-1	-1	1	-1	-1	0	0	0	-1	-1	-1	0	0	0
D	0	0	1	2	0	0	1	0	0	-1	-1	0	-1	-1	0	0	0	-1	-1	-1	0	0	0
C	0	0	0	0	2	0	0	0	0	0	0	0	0	-1	0	0	0	-1	-1	0	0	0	0
Q	0	0	1	0	0	2	1	0	0	-1	-1	0	-1	-1	0	0	0	-1	-1	-1	0	0	0
E	1	0	0	1	0	1	2	0	0	-1	-1	0	-1	-1	-1	0	0	-1	-1	-1	0	0	0
G	0	0	0	0	0	0	0	2	0	-1	-1	0	-1	-1	0	0	0	-1	-1	-1	0	0	0
H	0	0	0	0	0	0	0	0	2	-1	-1	0	-1	-1	0	0	0	-1	0	-1	0	0	0
I	0	-1	-1	-1	0	-1	-1	-1	-1	2	0	-1	0	1	-1	-1	0	0	0	1	0	0	0
L	0	-1	-1	-1	0	-1	-1	-1	-1	0	2	-1	2	0	-1	-1	0	0	0	1	0	0	0
K	0	1	1	0	0	0	0	0	0	-1	-1	2	-1	-1	0	0	0	-1	-1	-1	0	0	0
M	0	-1	-1	-1	0	-1	-1	-1	-1	0	2	-1	2	0	-1	-1	0	0	0	0	0	0	0
F	-1	-1	-1	-1	-1	-1	-1	-1	-1	1	0	-1	0	2	-1	-1	-1	0	1	0	0	0	0
P	-1	0	0	0	0	0	-1	0	0	-1	-1	0	-1	-1	3	0	0	-1	-1	-1	0	0	0
S	1	0	0	0	0	0	0	0	0	-1	-1	0	-1	-1	0	2	0	-1	-1	-1	0	0	0
T	0	0	0	0	0	0	0	0	0	0	0	0	0	-1	0	0	2	-1	-1	0	0	0	0
W	-1	0	-1	-1	-1	-1	-1	-1	-1	0	0	-1	0	0	-1	-1	-1	2	0	0	0	0	0
Y	-1	-1	-1	-1	-1	-1	-1	-1	0	0	0	-1	0	1	-1	-1	-1	0	2	0	0	0	0
V	0	-1	-1	-1	0	-1	-1	-1	-1	1	1	-1	0	0	-1	-1	0	0	0	2	0	0	0
B	0	0	0	0	0	0	0	0	0	0	0	0	0	0	0	0	0	0	0	0	0	0	0
Z	0	0	0	0	0	0	0	0	0	0	0	0	0	0	0	0	0	0	0	0	0	0	0
X	0	0	0	0	0	0	0	0	0	0	0	0	0	0	0	0	0	0	0	0	0	0	0
