#LINK010101
#T Amino acid substitution matrices from an artificial neural network
#A Lin, K., May, A.C. and Taylor, W.R.
#J J Comput Biol. 8, 471-481 (2001)
	A	R	N	D	C	Q	E	G	H	I	L	K	M	F	P	S	T	W	Y	V	B	Z	X
A	0.441	0.03	0.02	0.033	0	0.029	0.045	0.064	0.011	0.021	0.043	0.032	0.01	0.015	0.029	0.069	0.041	0.003	0.009	0.055	0	0	0
R	0.034	0.519	0.026	0.012	0.001	0.047	0.033	0.022	0.014	0.02	0.029	0.134	0.007	0.005	0.019	0.041	0.013	0.004	0.015	0.004	0	0	0
N	0.029	0.036	0.396	0.097	0.001	0.034	0.046	0.051	0.015	0.014	0.021	0.053	0.006	0.008	0.009	0.088	0.054	0.002	0.017	0.025	0	0	0
D	0.039	0.012	0.07	0.522	0	0.031	0.102	0.042	0.008	0.003	0.006	0.036	0.002	0.007	0.014	0.047	0.031	0.002	0.011	0.016	0	0	0
C	0.035	0.012	0.007	0.006	0.757	0.007	0.003	0.012	0.007	0.021	0.031	0.008	0.003	0.009	0.004	0.023	0.023	0.001	0.015	0.019	0	0	0
Q	0.055	0.061	0.031	0.043	0.001	0.395	0.121	0.022	0.022	0.014	0.011	0.092	0.013	0.005	0.013	0.036	0.044	0.004	0.006	0.014	0	0	0
E	0.056	0.029	0.026	0.091	0	0.072	0.474	0.021	0.01	0.009	0.015	0.065	0.008	0.004	0.018	0.029	0.036	0	0.016	0.021	0	0	0
G	0.06	0.023	0.027	0.036	0.001	0.016	0.007	0.691	0.008	0.007	0.017	0.022	0	0.001	0.017	0.038	0.015	0	0.002	0.012	0	0	0
H	0.019	0.038	0.041	0.039	0	0.044	0.04	0.012	0.572	0.005	0.036	0.044	0.006	0.014	0.011	0.006	0.011	0.001	0.047	0.015	0	0	0
I	0.024	0.011	0.006	0.003	0	0.009	0.01	0.011	0.003	0.464	0.157	0.015	0.028	0.016	0.011	0.008	0.039	0.001	0.009	0.175	0	0	0
L	0.027	0.011	0.011	0.003	0.007	0.002	0.008	0.006	0.004	0.096	0.603	0.011	0.042	0.039	0.013	0.01	0.017	0.002	0.011	0.077	0	0	0
K	0.05	0.107	0.034	0.039	0.001	0.057	0.07	0.019	0.013	0.018	0.019	0.411	0.004	0.008	0.022	0.044	0.057	0.002	0.01	0.019	0	0	0
M	0.02	0.019	0.013	0.005	0	0.005	0.023	0.02	0.012	0.092	0.243	0.031	0.337	0.037	0.016	0.017	0.023	0.001	0.014	0.073	0	0	0
F	0.027	0.005	0.004	0.01	0.003	0.003	0.001	0.01	0.011	0.009	0.088	0.011	0.015	0.605	0.009	0.014	0.023	0.017	0.111	0.024	0	0	0
P	0.056	0.016	0.004	0.025	0	0.013	0.038	0.02	0.01	0.009	0.009	0.024	0.004	0.009	0.688	0.043	0.003	0	0.004	0.024	0	0	0
S	0.104	0.03	0.052	0.033	0.001	0.027	0.043	0.039	0.004	0.02	0.015	0.032	0.004	0.012	0.027	0.408	0.111	0.002	0.017	0.022	0	0	0
T	0.065	0.016	0.036	0.028	0	0.024	0.035	0.012	0.004	0.039	0.032	0.053	0.009	0.018	0.008	0.126	0.424	0.002	0.015	0.056	0	0	0
W	0.018	0.01	0.014	0.014	0	0.014	0.016	0.008	0.005	0.015	0.031	0.018	0.011	0.037	0	0.019	0.011	0.688	0.049	0.022	0	0	0
Y	0.027	0.012	0.01	0.018	0	0.007	0.011	0.02	0.028	0.004	0.028	0.004	0.01	0.128	0.003	0.021	0.024	0	0.635	0.011	0	0	0
V	0.056	0.004	0.015	0.011	0.007	0.006	0.017	0.007	0.005	0.146	0.112	0.018	0.017	0.022	0.015	0.023	0.048	0.003	0.007	0.463	0	0	0
B	0	0	0	0	0	0	0	0	0	0	0	0	0	0	0	0	0	0	0	0	0	0	0
Z	0	0	0	0	0	0	0	0	0	0	0	0	0	0	0	0	0	0	0	0	0	0	0
X	0	0	0	0	0	0	0	0	0	0	0	0	0	0	0	0	0	0	0	0	0	0	0
