#MCLA720101
#T Repeating sequences and gene duplication in proteins
#A McLachlan, A.D.
#J J. Mol. Biol. 64, 417-437 (1972)
	A	R	N	D	C	Q	E	G	H	I	L	K	M	F	P	S	T	W	Y	V	B	Z	X
A	5	0	0	0	0	0	0	3	0	0	0	0	0	0	1	1	1	0	0	0	0	0	0
R	0	6	0	0	0	0	0	0	0	0	0	3	0	0	0	0	0	0	0	0	0	0	0
N	0	0	5	3	0	2	1	0	1	0	0	0	0	0	0	1	1	0	0	0	0	0	0
D	0	0	3	5	0	1	2	0	0	0	0	0	0	0	0	0	0	0	0	0	0	0	0
C	0	0	0	0	6	0	0	0	0	0	0	0	0	0	0	2	0	0	0	0	0	0	0
Q	0	0	2	1	0	5	3	0	2	0	0	1	0	0	0	1	0	0	0	0	0	0	0
E	0	0	1	2	0	3	5	0	0	0	0	0	0	0	0	0	0	0	0	0	0	0	0
G	3	0	0	0	0	0	0	6	0	0	0	0	0	0	0	0	0	0	0	0	0	0	0
H	0	0	1	0	0	2	0	0	6	0	0	0	0	2	0	0	0	1	2	0	0	0	0
I	0	0	0	0	0	0	0	0	0	5	3	0	3	1	0	0	1	1	1	2	0	0	0
L	0	0	0	0	0	0	0	0	0	3	5	0	3	2	1	0	0	1	1	1	0	0	0
K	0	3	0	0	0	1	0	0	0	0	0	5	0	0	0	0	0	0	0	0	0	0	0
M	0	0	0	0	0	0	0	0	0	3	3	0	6	2	0	0	0	1	1	1	0	0	0
F	0	0	0	0	0	0	0	0	2	1	2	0	2	6	0	0	0	3	3	1	0	0	0
P	1	0	0	0	0	0	0	0	0	0	1	0	0	0	5	0	1	0	0	1	0	0	0
S	1	0	1	0	2	1	0	0	0	0	0	0	0	0	0	5	3	0	0	0	0	0	0
T	1	0	1	0	0	0	0	0	0	1	0	0	0	0	1	3	5	0	0	0	0	0	0
W	0	0	0	0	0	0	0	0	1	1	1	0	1	3	0	0	0	6	2	0	0	0	0
Y	0	0	0	0	0	0	0	0	2	1	1	0	1	3	0	0	0	2	6	0	0	0	0
V	0	0	0	0	0	0	0	0	0	2	1	0	1	1	1	0	0	0	0	5	0	0	0
B	0	0	0	0	0	0	0	0	0	0	0	0	0	0	0	0	0	0	0	0	0	0	0
Z	0	0	0	0	0	0	0	0	0	0	0	0	0	0	0	0	0	0	0	0	0	0	0
X	0	0	0	0	0	0	0	0	0	0	0	0	0	0	0	0	0	0	0	0	0	0	0
