#MUET020101
#T Estimating amino acid substitution models: A comparison of Dayhoff's
#A Mueller, T., Spang, R. and Vingron, M.
#J Molecular Biology and Evolution 19, 8-13 (2002)
	A	R	N	D	C	Q	E	G	H	I	L	K	M	F	P	S	T	W	Y	V	B	Z	X
A	5	-2	-1	-1	1	-1	-1	0	-2	-1	-2	-1	-1	-3	0	1	1	-5	-3	0	0	0	0
R	-2	7	0	-3	-3	2	-1	-3	1	-4	-3	4	-2	-5	-2	-1	-1	-4	-3	-4	0	0	0
N	-1	0	7	3	-3	0	0	0	1	-4	-4	0	-3	-5	-2	1	0	-5	-2	-4	0	0	0
D	-1	-3	3	7	-5	1	3	-1	0	-6	-6	0	-5	-7	-1	0	-1	-7	-5	-4	0	0	0
C	1	-3	-3	-5	13	-4	-5	-2	-2	-1	-4	-4	-1	-4	-3	1	0	-7	-1	1	0	0	0
Q	-1	2	0	1	-4	6	2	-3	2	-4	-2	2	-1	-4	-1	0	-1	-6	-4	-3	0	0	0
E	-1	-1	0	3	-5	2	6	-2	-1	-5	-4	1	-3	-6	-1	0	-1	-7	-3	-3	0	0	0
G	0	-3	0	-1	-2	-3	-2	8	-3	-7	-6	-2	-5	-6	-3	0	-2	-5	-5	-5	0	0	0
H	-2	1	1	0	-2	2	-1	-3	9	-4	-3	0	-3	0	-2	-1	-1	-1	3	-3	0	0	0
I	-1	-4	-4	-6	-1	-4	-5	-7	-4	6	3	-4	2	0	-4	-3	-1	-2	-2	4	0	0	0
L	-2	-3	-4	-6	-4	-2	-4	-6	-3	3	6	-3	4	2	-3	-3	-2	-1	-1	2	0	0	0
K	-1	4	0	0	-4	2	1	-2	0	-4	-3	5	-2	-5	-1	-1	-1	-5	-3	-3	0	0	0
M	-1	-2	-3	-5	-1	-1	-3	-5	-3	2	4	-2	8	1	-4	-3	-1	-4	-2	1	0	0	0
F	-3	-5	-5	-7	-4	-4	-6	-6	0	0	2	-5	1	9	-5	-3	-3	3	6	-1	0	0	0
P	0	-2	-2	-1	-3	-1	-1	-3	-2	-4	-3	-1	-4	-5	9	0	-1	-5	-6	-3	0	0	0
S	1	-1	1	0	1	0	0	0	-1	-3	-3	-1	-3	-3	0	4	2	-4	-2	-2	0	0	0
T	1	-1	0	-1	0	-1	-1	-2	-1	-1	-2	-1	-1	-3	-1	2	5	-6	-3	0	0	0	0
W	-5	-4	-5	-7	-7	-6	-7	-5	-1	-2	-1	-5	-4	3	-5	-4	-6	16	4	-5	0	0	0
Y	-3	-3	-2	-5	-1	-4	-3	-5	3	-2	-1	-3	-2	6	-6	-2	-3	4	10	-3	0	0	0
V	0	-4	-4	-4	1	-3	-3	-5	-3	4	2	-3	1	-1	-3	-2	0	-5	-3	5	0	0	0
B	0	0	0	0	0	0	0	0	0	0	0	0	0	0	0	0	0	0	0	0	0	0	0
Z	0	0	0	0	0	0	0	0	0	0	0	0	0	0	0	0	0	0	0	0	0	0	0
X	0	0	0	0	0	0	0	0	0	0	0	0	0	0	0	0	0	0	0	0	0	0	0
