#MUET010101
#T Non-symmetric score matrices and the detection of homologous transmembrane
#A Mueller, T., Rahmann, S. and Rehmsmeier, M.
#J Bioinformatics 17 Suppl 1, S182-S189 (2001)
	A	R	N	D	C	Q	E	G	H	I	L	K	M	F	P	S	T	W	Y	V	B	Z	X
A	5	-5.5	-3	-6.5	2.5	-4	-7	0.5	-3	0	0	-5.5	0	0	-4	2	1.5	-2.5	-3.5	1.5	0	0	0
R	-5.5	10	-4.5	-9.5	-5	-2.5	-9	-5.5	-4.5	-5.5	-4.5	-0.5	-4	-5.5	-8	-6	-5	-4.5	-5.5	-6	0	0	0
N	-3	-4.5	8	-0.5	-2.5	-1	-4.5	-3	2.5	-4	-3.5	-3.5	-3	-2	-6	0.5	-1.5	-4	0	-4.5	0	0	0
D	-6.5	-9.5	-0.5	9	-7.5	-2.5	2	-4.5	-3.5	-6.5	-6	-5	-6	-5.5	-7	-5.5	-5.5	-6.5	-5.5	-6	0	0	0
C	2.5	-5	-2.5	-7.5	11	-3.5	-7	-1.5	-5	-0.5	1	-7	1	2.5	-9	3	1	-0.5	0.5	1	0	0	0
Q	-4	-2.5	-1	-2.5	-3.5	7	-2.5	-3.5	-0.5	-3.5	-3.5	-2	-1.5	-2	-6	-2.5	-3.5	1	-2	-3.5	0	0	0
E	-7	-9	-4.5	2	-7	-2.5	7	-6.5	-3	-7	-7	-7.5	-6	-5.5	-7	-5	-6.5	-6	-5.5	-6.5	0	0	0
G	0.5	-5.5	-3	-4.5	-1.5	-3.5	-6.5	7	-5.5	-2.5	-2	-4.5	-1.5	-1	-4.5	0.5	-1.5	-4	-3.5	-2.5	0	0	0
H	-3	-4.5	2.5	-3.5	-5	-0.5	-3	-5.5	10	-4	-4	-5.5	-4	-1	-8	-2.5	-3.5	-1	2.5	-4.5	0	0	0
I	0	-5.5	-4	-6.5	-0.5	-3.5	-7	-2.5	-4	6	3.5	-5.5	4	1.5	-4	-1.5	0.5	-1.5	-2.5	4.5	0	0	0
L	0	-4.5	-3.5	-6	1	-3.5	-7	-2	-4	3.5	5	-6	4	2.5	-5	-1.5	0.5	-0.5	-1.5	2.5	0	0	0
K	-5.5	-0.5	-3.5	-5	-7	-2	-7.5	-4.5	-5.5	-5.5	-6	6	-5.5	-5.5	-4.5	-5	-5	-5.5	-3.5	-7	0	0	0
M	0	-4	-3	-6	1	-1.5	-6	-1.5	-4	4	4	-5.5	7	2.5	-5	-1	1.5	-0.5	-1.5	2.5	0	0	0
F	0	-5.5	-2	-5.5	2.5	-2	-5.5	-1	-1	1.5	2.5	-5.5	2.5	8	-4.5	-0.5	0	3.5	5	1	0	0	0
P	-4	-8	-6	-7	-9	-6	-7	-4.5	-8	-4	-5	-4.5	-5	-4.5	11	-4	-3.5	-4.5	-5.5	-4	0	0	0
S	2	-6	0.5	-5.5	3	-2.5	-5	0.5	-2.5	-1.5	-1.5	-5	-1	-0.5	-4	6	1.5	-3	-2	-1	0	0	0
T	1.5	-5	-1.5	-5.5	1	-3.5	-6.5	-1.5	-3.5	0.5	0.5	-5	1.5	0	-3.5	1.5	4	-4.5	-2.5	1	0	0	0
W	-2.5	-4.5	-4	-6.5	-0.5	1	-6	-4	-1	-1.5	-0.5	-5.5	-0.5	3.5	-4.5	-3	-4.5	15	2	-2	0	0	0
Y	-3.5	-5.5	0	-5.5	0.5	-2	-5.5	-3.5	2.5	-2.5	-1.5	-3.5	-1.5	5	-5.5	-2	-2.5	2	11	-2.5	0	0	0
V	1.5	-6	-4.5	-6	1	-3.5	-6.5	-2.5	-4.5	4.5	2.5	-7	2.5	1	-4	-1	1	-2	-2.5	5	0	0	0
B	0	0	0	0	0	0	0	0	0	0	0	0	0	0	0	0	0	0	0	0	0	0	0
Z	0	0	0	0	0	0	0	0	0	0	0	0	0	0	0	0	0	0	0	0	0	0	0
X	0	0	0	0	0	0	0	0	0	0	0	0	0	0	0	0	0	0	0	0	0	0	0
