#NAOD960101
#T Amino Acid Pair Interchanges at Spatially Conserved Locations (Naor et al)
#A Naor, D., Fischer, D., Jernigan, R.L., Wolfson, H.J. and Nussinov, R.
#J Journal of Molecular Biology 256, 924-938 (1996)
	A	R	N	D	C	Q	E	G	H	I	L	K	M	F	P	S	T	W	Y	V	B	Z	X
A	4	0	0	0	2	0	0	0	-1	-2	0	0	0	-1	0	0	0	0	0	-2	0	0	0
R	0	7	4	4	-5	5	8	0	3	-7	-5	9	-2	-5	1	2	1	-3	-2	-6	0	0	0
N	0	4	8	8	-5	5	6	5	2	-9	-7	6	-3	-6	6	4	2	-4	-2	-8	0	0	0
D	0	4	8	11	-4	6	7	4	3	-9	-8	7	-4	-6	6	4	2	-4	-3	-9	0	0	0
C	2	-5	-5	-4	14	-4	-6	0	-2	4	2	-7	2	3	-1	-3	-2	0	0	4	0	0	0
Q	0	5	5	6	-4	7	8	0	1	-7	-5	7	-2	-5	1	2	1	-2	-1	-8	0	0	0
E	0	8	6	7	-6	8	11	0	2	-9	-6	9	-2	-6	0	3	3	-3	-2	-9	0	0	0
G	0	0	5	4	0	0	0	12	3	-7	-6	0	-3	-3	6	4	0	-1	-1	-5	0	0	0
H	-1	3	2	3	-2	1	2	3	5	-3	-3	1	-1	-2	2	2	0	-1	0	-2	0	0	0
I	-2	-7	-9	-9	4	-7	-9	-7	-3	10	7	-9	3	6	-8	-5	-3	4	2	9	0	0	0
L	0	-5	-7	-8	2	-5	-6	-6	-3	7	9	-7	5	6	-8	-5	-3	2	1	5	0	0	0
K	0	9	6	7	-7	7	9	0	1	-9	-7	13	-4	-7	3	3	2	-5	-3	-8	0	0	0
M	0	-2	-3	-4	2	-2	-2	-3	-1	3	5	-4	4	3	-6	-3	-2	1	1	2	0	0	0
F	-1	-5	-6	-6	3	-5	-6	-3	-2	6	6	-7	3	6	-4	-4	-2	3	2	5	0	0	0
P	0	1	6	6	-1	1	0	6	2	-8	-8	3	-6	-4	19	3	1	-5	-3	-5	0	0	0
S	0	2	4	4	-3	2	3	4	2	-5	-5	3	-3	-4	3	5	2	-2	-1	-4	0	0	0
T	0	1	2	2	-2	1	3	0	0	-3	-3	2	-2	-2	1	2	3	0	0	-1	0	0	0
W	0	-3	-4	-4	0	-2	-3	-1	-1	4	2	-5	1	3	-5	-2	0	9	2	4	0	0	0
Y	0	-2	-2	-3	0	-1	-2	-1	0	2	1	-3	1	2	-3	-1	0	2	3	2	0	0	0
V	-2	-6	-8	-9	4	-8	-9	-5	-2	9	5	-8	2	5	-5	-4	-1	4	2	9	0	0	0
B	0	0	0	0	0	0	0	0	0	0	0	0	0	0	0	0	0	0	0	0	0	0	0
Z	0	0	0	0	0	0	0	0	0	0	0	0	0	0	0	0	0	0	0	0	0	0	0
X	0	0	0	0	0	0	0	0	0	0	0	0	0	0	0	0	0	0	0	0	0	0	0
