#OVEJ920104
#T Environment-specific amino acid substitution tables: tertiary templates
#A Overington, J., Donnelly, D., Johnson, M.S., Sali, A. and Blundell, T.L.
#J Protein Science 1, 216-226 (1992)
	A	R	N	D	C	Q	E	G	H	I	L	K	M	F	P	S	T	W	Y	V	B	Z	X
A	0.224	0.062	0.059	0.055	0.013	0.073	0.068	0.067	0.048	0.053	0.05	0.068	0.087	0.031	0.067	0.074	0.059	0.033	0.035	0.079	0	0	0
R	0.025	0.248	0.022	0.015	0.023	0.047	0.031	0.017	0.033	0.017	0.019	0.062	0.015	0.01	0.018	0.026	0.028	0.022	0.023	0.022	0	0	0
N	0.041	0.031	0.239	0.08	0.007	0.04	0.041	0.044	0.087	0.031	0.035	0.042	0.024	0.022	0.019	0.05	0.051	0.008	0.036	0.021	0	0	0
D	0.044	0.025	0.094	0.284	0.007	0.052	0.091	0.041	0.056	0.033	0.012	0.034	0.022	0.016	0.047	0.054	0.044	0.014	0.023	0.025	0	0	0
C	0.002	0.008	0.001	0.001	0.739	0.005	0.006	0	0.001	0.004	0	0.003	0	0.012	0.001	0.001	0.001	0.001	0	0	0	0	0
Q	0.04	0.056	0.032	0.038	0.013	0.231	0.06	0.025	0.042	0.017	0.026	0.046	0.075	0.018	0.019	0.032	0.042	0.007	0.015	0.036	0	0	0
E	0.052	0.049	0.038	0.079	0.029	0.071	0.251	0.028	0.026	0.026	0.019	0.053	0.031	0.016	0.037	0.031	0.044	0.01	0.027	0.034	0	0	0
G	0.079	0.04	0.073	0.066	0	0.054	0.047	0.455	0.042	0.024	0.028	0.033	0.039	0.02	0.054	0.064	0.037	0.041	0.036	0.039	0	0	0
H	0.013	0.023	0.035	0.021	0.003	0.02	0.011	0.01	0.284	0.008	0.011	0.021	0.02	0.024	0.008	0.013	0.012	0.014	0.025	0.02	0	0	0
I	0.014	0.015	0.018	0.017	0.016	0.009	0.014	0.006	0.01	0.235	0.05	0.015	0.048	0.058	0.009	0.014	0.023	0.015	0.03	0.075	0	0	0
L	0.028	0.027	0.03	0.01	0	0.028	0.017	0.013	0.024	0.094	0.311	0.035	0.141	0.097	0.03	0.019	0.029	0.064	0.033	0.073	0	0	0
K	0.062	0.122	0.055	0.039	0.007	0.077	0.072	0.027	0.068	0.039	0.05	0.294	0.077	0.032	0.045	0.043	0.059	0.037	0.035	0.044	0	0	0
M	0.01	0.005	0.004	0.003	0	0.017	0.005	0.005	0.005	0.02	0.03	0.011	0.167	0.015	0.003	0.003	0.007	0.004	0.008	0.013	0	0	0
F	0.01	0.009	0.012	0.006	0.029	0.01	0.008	0.004	0.023	0.046	0.047	0.011	0.032	0.291	0.006	0.011	0.013	0.093	0.073	0.018	0	0	0
P	0.053	0.026	0.018	0.039	0	0.021	0.036	0.006	0.027	0.018	0.034	0.017	0.014	0.036	0.412	0.037	0.031	0.018	0.008	0.019	0	0	0
S	0.1	0.079	0.096	0.088	0.013	0.072	0.059	0.073	0.057	0.051	0.043	0.062	0.026	0.044	0.07	0.29	0.138	0.025	0.059	0.057	0	0	0
T	0.054	0.053	0.068	0.049	0.01	0.066	0.058	0.029	0.037	0.059	0.039	0.058	0.049	0.042	0.042	0.099	0.266	0.021	0.041	0.061	0	0	0
W	0.005	0.008	0.003	0.002	0	0.003	0.002	0.006	0.006	0.009	0.017	0.006	0.005	0.049	0.004	0.003	0.004	0.421	0.038	0.003	0	0	0
Y	0.014	0.024	0.023	0.013	0	0.012	0.018	0.012	0.034	0.028	0.023	0.017	0.026	0.111	0.005	0.018	0.019	0.109	0.355	0.028	0	0	0
V	0.041	0.033	0.018	0.021	0	0.043	0.033	0.02	0.038	0.148	0.077	0.031	0.051	0.04	0.02	0.028	0.044	0.023	0.049	0.269	0	0	0
B	0	0	0	0	0	0	0	0	0	0	0	0	0	0	0	0	0	0	0	0	0	0	0
Z	0	0	0	0	0	0	0	0	0	0	0	0	0	0	0	0	0	0	0	0	0	0	0
X	0	0	0	0	0	0	0	0	0	0	0	0	0	0	0	0	0	0	0	0	0	0	0
