#OVEJ920101
#T Environment-specific amino acid substitution tables: tertiary templates
#A Overington, J., Donnelly, D., Johnson, M.S., Sali, A. and Blundell, T.L.
#J Protein Science 1, 216-226 (1992)
	A	R	N	D	C	Q	E	G	H	I	L	K	M	F	P	S	T	W	Y	V	B	Z	X
A	4	-1	-1	-1	-2	0	0	0	-2	-2	-2	-1	0	-3	-1	0	-1	-3	-3	0	0	0	0
R	-1	7	-1	-2	-2	1	0	-2	0	-3	-3	2	-4	-4	-2	0	-1	-2	-1	-3	0	0	0
N	-1	-1	5	2	-6	0	0	-1	2	-3	-3	0	-2	-3	-2	0	0	-5	-1	-4	0	0	0
D	-1	-2	2	6	-7	0	2	-1	0	-3	-6	-1	-4	-5	-1	0	-1	-6	-3	-4	0	0	0
C	-2	-2	-6	-7	11	-3	-3	-6	-6	-4	-6	-4	-5	-2	-8	-4	-5	-6	-6	-4	0	0	0
Q	0	1	0	0	-3	6	2	-2	0	-5	-3	1	1	-4	-2	-1	0	-5	-3	-2	0	0	0
E	0	0	0	2	-3	2	5	-2	-2	-3	-4	1	-2	-4	-1	-1	0	-6	-2	-2	0	0	0
G	0	-2	-1	-1	-6	-2	-2	5	-3	-5	-5	-3	-4	-6	-2	-1	-3	-4	-3	-4	0	0	0
H	-2	0	2	0	-6	0	-2	-3	8	-5	-3	0	-2	-2	-3	-2	-2	-3	0	-2	0	0	0
I	-2	-3	-3	-3	-4	-5	-3	-5	-5	6	2	-3	1	1	-4	-3	-2	-2	-1	2	0	0	0
L	-2	-3	-3	-6	-6	-3	-4	-5	-3	2	5	-2	3	2	-3	-4	-3	-1	-2	1	0	0	0
K	-1	2	0	-1	-4	1	1	-3	0	-3	-2	5	-1	-3	-1	-1	0	-3	-2	-3	0	0	0
M	0	-4	-2	-4	-5	1	-2	-4	-2	1	3	-1	8	0	-6	-4	-2	-2	-1	0	0	0	0
F	-3	-4	-3	-5	-2	-4	-4	-6	-2	1	2	-3	0	7	-5	-3	-3	2	3	-1	0	0	0
P	-1	-2	-2	-1	-8	-2	-1	-2	-3	-4	-3	-1	-6	-5	7	-1	-1	-4	-6	-4	0	0	0
S	0	0	0	0	-4	-1	-1	-1	-2	-3	-4	-1	-4	-3	-1	4	1	-5	-2	-3	0	0	0
T	-1	-1	0	-1	-5	0	0	-3	-2	-2	-3	0	-2	-3	-1	1	5	-5	-2	-1	0	0	0
W	-3	-2	-5	-6	-6	-5	-6	-4	-3	-2	-1	-3	-2	2	-4	-5	-5	10	2	-4	0	0	0
Y	-3	-1	-1	-3	-6	-3	-2	-3	0	-1	-2	-2	-1	3	-6	-2	-2	2	7	-1	0	0	0
V	0	-3	-4	-4	-4	-2	-2	-4	-2	2	1	-3	0	-1	-4	-3	-1	-4	-1	5	0	0	0
B	0	0	0	0	0	0	0	0	0	0	0	0	0	0	0	0	0	0	0	0	0	0	0
Z	0	0	0	0	0	0	0	0	0	0	0	0	0	0	0	0	0	0	0	0	0	0	0
X	0	0	0	0	0	0	0	0	0	0	0	0	0	0	0	0	0	0	0	0	0	0	0
