#OVEJ920105
#T Environment-specific amino acid substitution tables: tertiary templates
#A Overington, J., Donnelly, D., Johnson, M.S., Sali, A. and Blundell, T.L.
#J Protein Science 1, 216-226 (1992)
	A	R	N	D	C	Q	E	G	H	I	L	K	M	F	P	S	T	W	Y	V	B	Z	X
A	0.426	0.015	0.036	0.025	0.022	0.053	0.095	0.075	0.009	0.039	0.029	0	0.061	0.036	0.041	0.149	0.103	0.02	0.032	0.071	0	0	0
R	0.013	0.588	0	0	0.009	0.04	0.058	0.004	0.015	0.004	0.003	0.294	0.001	0.003	0.002	0.013	0.002	0.003	0.007	0.004	0	0	0
N	0.011	0.008	0.398	0.071	0	0.005	0.011	0.007	0.028	0.006	0.002	0	0.013	0.005	0.007	0.035	0.012	0.006	0.009	0.003	0	0	0
D	0.012	0	0.112	0.775	0	0.011	0.042	0.008	0.004	0.007	0.002	0	0.001	0.002	0.004	0.016	0.005	0	0.006	0.005	0	0	0
C	0.007	0	0	0	0.879	0	0	0	0	0.003	0.001	0	0	0.005	0	0.008	0.004	0.003	0.001	0	0	0	0
Q	0.017	0.122	0.018	0.002	0.009	0.56	0.101	0.009	0.039	0.001	0.003	0.088	0.039	0.002	0	0.008	0.001	0.006	0.005	0.007	0	0	0
E	0.007	0.015	0.036	0.011	0.009	0.064	0.46	0.008	0	0.005	0.003	0	0.009	0.004	0	0.009	0.001	0	0.001	0.006	0	0	0
G	0.07	0.023	0.009	0.016	0	0.013	0.037	0.732	0	0.013	0.007	0	0.015	0.006	0.004	0.064	0.032	0.005	0.004	0.008	0	0	0
H	0.005	0.008	0.058	0.002	0	0.061	0	0.003	0.705	0.003	0.003	0.029	0.006	0.003	0	0.008	0.001	0.005	0.014	0.006	0	0	0
I	0.043	0.008	0.015	0.009	0.007	0.008	0.032	0.017	0.009	0.402	0.11	0.029	0.096	0.061	0.018	0.013	0.036	0.043	0.038	0.135	0	0	0
L	0.048	0.038	0.033	0.005	0.005	0.032	0.037	0.015	0.022	0.163	0.524	0.015	0.25	0.162	0.031	0.027	0.022	0.048	0.052	0.13	0	0	0
K	0.014	0.145	0.021	0	0.01	0.008	0.005	0.004	0.002	0.003	0.003	0.412	0.004	0.002	0.014	0.013	0.007	0	0.006	0.004	0	0	0
M	0.019	0	0.027	0.004	0	0.072	0.037	0.004	0.019	0.027	0.048	0	0.262	0.014	0	0.009	0.018	0.014	0.017	0.02	0	0	0
F	0.022	0	0.006	0.004	0.014	0.005	0.011	0.006	0.015	0.045	0.075	0	0.036	0.493	0.016	0.012	0.013	0.058	0.143	0.033	0	0	0
P	0.014	0.008	0.015	0.005	0.002	0.008	0	0.013	0.004	0.005	0.002	0	0	0.011	0.764	0.005	0.012	0	0.001	0.007	0	0	0
S	0.074	0	0.103	0.023	0.01	0.013	0.016	0.039	0.017	0.009	0.007	0.015	0.016	0.011	0.02	0.45	0.111	0.005	0.004	0.017	0	0	0
T	0.044	0.008	0.024	0.012	0.006	0.005	0	0.018	0.006	0.015	0.009	0.015	0.025	0.006	0.025	0.081	0.504	0.002	0.005	0.025	0	0	0
W	0.006	0	0.003	0.007	0.003	0.005	0	0.001	0.011	0.011	0.009	0	0.013	0.024	0	0.003	0.001	0.731	0.031	0.005	0	0	0
Y	0.015	0	0.024	0.005	0.001	0.008	0	0.006	0.034	0.021	0.013	0.029	0.023	0.071	0.007	0.014	0.012	0.037	0.561	0.017	0	0	0
V	0.116	0.015	0.033	0.012	0.001	0.027	0.053	0.015	0.054	0.205	0.134	0	0.118	0.073	0.031	0.043	0.079	0.014	0.047	0.476	0	0	0
B	0	0	0	0	0	0	0	0	0	0	0	0	0	0	0	0	0	0	0	0	0	0	0
Z	0	0	0	0	0	0	0	0	0	0	0	0	0	0	0	0	0	0	0	0	0	0	0
X	0	0	0	0	0	0	0	0	0	0	0	0	0	0	0	0	0	0	0	0	0	0	0
