#QU_C930103
#T Phyletic relationships of protein structures based on spatial prefernce
#A Qu, C., Lai, L., Xu, X. and Tang, Y.
#J J. Mol. Evol. 36, 67-78 (1993)
	A	R	N	D	C	Q	E	G	H	I	L	K	M	F	P	S	T	W	Y	V	B	Z	X
A	8	2	1	0	5	2	0	2	4	5	5	2	5	5	3	2	3	4	4	5	0	0	0
R	2	8	2	-1	0	0	0	2	2	0	0	6	0	0	1	3	2	0	0	0	0	0	0
N	1	2	8	3	0	1	3	2	2	0	0	2	0	1	3	3	3	0	2	0	0	0	0
D	0	-1	3	8	0	2	4	0	0	0	0	0	0	0	1	2	4	0	1	0	0	0	0
C	5	0	0	0	8	3	0	1	4	4	5	0	5	6	4	1	1	5	4	5	0	0	0
Q	2	0	1	2	3	8	2	2	4	2	3	1	2	3	2	2	3	2	2	3	0	0	0
E	0	0	3	4	0	2	8	-1	0	0	0	1	0	0	0	2	3	0	1	0	0	0	0
G	2	2	2	0	1	2	-1	8	0	0	1	-1	2	0	0	1	1	-1	0	2	0	0	0
H	4	2	2	0	4	4	0	0	8	3	2	3	3	4	4	3	2	3	3	2	0	0	0
I	5	0	0	0	4	2	0	0	3	8	6	1	5	5	3	0	1	4	4	6	0	0	0
L	5	0	0	0	5	3	0	1	2	6	8	0	6	6	2	0	1	4	4	6	0	0	0
K	2	6	2	0	0	1	1	-1	3	1	0	8	0	1	1	3	3	1	1	0	0	0	0
M	5	0	0	0	5	2	0	2	3	5	6	0	8	5	3	0	1	4	4	6	0	0	0
F	5	0	1	0	6	3	0	0	4	5	6	1	5	8	3	0	2	6	4	5	0	0	0
P	3	1	3	1	4	2	0	0	4	3	2	1	3	3	8	1	2	3	3	2	0	0	0
S	2	3	3	2	1	2	2	1	3	0	0	3	0	0	1	8	4	1	2	0	0	0	0
T	3	2	3	4	1	3	3	1	2	1	1	3	1	2	2	4	8	2	3	2	0	0	0
W	4	0	0	0	5	2	0	-1	3	4	4	1	4	6	3	1	2	8	5	5	0	0	0
Y	4	0	2	1	4	2	1	0	3	4	4	1	4	4	3	2	3	5	8	5	0	0	0
V	5	0	0	0	5	3	0	2	2	6	6	0	6	5	2	0	2	5	5	8	0	0	0
B	0	0	0	0	0	0	0	0	0	0	0	0	0	0	0	0	0	0	0	0	0	0	0
Z	0	0	0	0	0	0	0	0	0	0	0	0	0	0	0	0	0	0	0	0	0	0	0
X	0	0	0	0	0	0	0	0	0	0	0	0	0	0	0	0	0	0	0	0	0	0	0
