#RISJ880101
#T Amino acid substitutions in structurally related proteins
#A Risler, J.L., Delorme, M.O., Delacroix, H. and Henaut, A.
#J J. Mol. Biol. 204, 1019-1029 (1988)
	A	R	N	D	C	Q	E	G	H	I	L	K	M	F	P	S	T	W	Y	V	B	Z	X
A	2.2	1.5	1.3	0.2	-1.5	1.8	1.7	0.6	-0.6	1.7	1.3	1.4	1	0.6	-0.2	2	1.9	-0.9	0.2	2	0	0	0
R	1.5	2.2	1.2	-0.1	-1.5	2	1.9	0.1	-0.4	1.4	1.2	2.1	1.1	0.4	-0.3	2	1.9	-0.8	0.8	1.5	0	0	0
N	1.3	1.2	2.2	0.8	-1.6	1.6	1.4	0.2	-0.3	0.9	0.8	1	0	0.4	-1	1.9	1.1	-1.1	-0.1	1.1	0	0	0
D	0.2	-0.1	0.8	2.2	-1.7	0.6	1	-0.4	-1.3	0	-0.2	0.1	-0.5	-0.3	-1.2	0.7	0	-1.4	-0.4	0	0	0	0
C	-1.5	-1.5	-1.6	-1.7	2.2	-1.4	-1.5	-1.7	-1.8	-1.6	-1.5	-1.6	-1.6	-1.6	-1.8	-1.3	-1.4	-1.8	-1.1	-1.4	0	0	0
Q	1.8	2	1.6	0.6	-1.4	2.2	2.1	0.2	-0.5	1.4	1.1	1.7	1.2	0.7	-0.6	1.8	1.7	-1	0.5	1.5	0	0	0
E	1.7	1.9	1.4	1	-1.5	2.1	2.2	0.3	-0.6	1.5	0.9	1.4	0.6	0.6	-0.1	1.8	1.6	-1	0.2	1.6	0	0	0
G	0.6	0.1	0.2	-0.4	-1.7	0.2	0.3	2.2	-1.2	0	-0.2	-0.1	-0.4	-0.4	-1.2	0.7	0.2	-1.3	-0.2	0.1	0	0	0
H	-0.6	-0.4	-0.3	-1.3	-1.8	-0.5	-0.6	-1.2	2.2	-0.8	-0.9	-1	-1.2	-1.1	-1.6	-0.4	-0.9	-1.7	-0.8	-0.7	0	0	0
I	1.7	1.4	0.9	0	-1.6	1.4	1.5	0	-0.8	2.2	2.1	1	0.9	1	-0.6	1.6	1.6	-0.7	0.4	2.2	0	0	0
L	1.3	1.2	0.8	-0.2	-1.5	1.1	0.9	-0.2	-0.9	2.1	2.2	0.7	1.8	1	-0.8	1.3	1.2	-0.8	0.5	2	0	0	0
K	1.4	2.1	1	0.1	-1.6	1.7	1.4	-0.1	-1	1	0.7	2.2	0.4	0.1	-0.7	1.4	1.2	-1.1	0.5	1.2	0	0	0
M	1	1.1	0	-0.5	-1.6	1.2	0.6	-0.4	-1.2	0.9	1.8	0.4	2.2	-0.2	-1.2	0.6	0.8	-1.3	-0.2	0.8	0	0	0
F	0.6	0.4	0.4	-0.3	-1.6	0.7	0.6	-0.4	-1.1	1	1	0.1	-0.2	2.2	-1.1	0.5	0.3	-0.9	2	0.8	0	0	0
P	-0.2	-0.3	-1	-1.2	-1.8	-0.6	-0.1	-1.2	-1.6	-0.6	-0.8	-0.7	-1.2	-1.1	2.2	-0.3	-0.5	-1.6	-1.2	-0.6	0	0	0
S	2	2	1.9	0.7	-1.3	1.8	1.8	0.7	-0.4	1.6	1.3	1.4	0.6	0.5	-0.3	2.2	2.1	-0.8	0.4	1.8	0	0	0
T	1.9	1.9	1.1	0	-1.4	1.7	1.6	0.2	-0.9	1.6	1.2	1.2	0.8	0.3	-0.5	2.1	2.2	-1	0.3	1.6	0	0	0
W	-0.9	-0.8	-1.1	-1.4	-1.8	-1	-1	-1.3	-1.7	-0.7	-0.8	-1.1	-1.3	-0.9	-1.6	-0.8	-1	2.2	-0.6	-0.7	0	0	0
Y	0.2	0.8	-0.1	-0.4	-1.1	0.5	0.2	-0.2	-0.8	0.4	0.5	0.5	-0.2	2	-1.2	0.4	0.3	-0.6	2.2	0.3	0	0	0
V	2	1.5	1.1	0	-1.4	1.5	1.6	0.1	-0.7	2.2	2	1.2	0.8	0.8	-0.6	1.8	1.6	-0.7	0.3	2.2	0	0	0
B	0	0	0	0	0	0	0	0	0	0	0	0	0	0	0	0	0	0	0	0	0	0	0
Z	0	0	0	0	0	0	0	0	0	0	0	0	0	0	0	0	0	0	0	0	0	0	0
X	0	0	0	0	0	0	0	0	0	0	0	0	0	0	0	0	0	0	0	0	0	0	0
