#RUSR970102
#T Recognition of analogous and homologous protein folds: Analysis of sequence and
#A Russell, R.B., Saqi, M.A.S., Sayle, R.A., Bates, P.A. and Sternberg, M.J.E.
#J Journal of Molecular Biology 269, 423-439 (1997)
	A	R	N	D	C	Q	E	G	H	I	L	K	M	F	P	S	T	W	Y	V	B	Z	X
A	0	0	0	-1	2	-1	0	1	-2	0	0	1	0	0	0	2	0	-1	0	1	0	0	0
R	0	4	0	0	-1	3	2	0	2	0	-2	6	0	-3	-1	0	0	2	2	-1	0	0	0
N	0	0	3	5	0	2	0	1	4	-8	-2	1	-3	-1	2	3	4	0	0	-3	0	0	0
D	-1	0	5	5	-1	3	5	1	2	-7	-7	1	-6	-6	1	2	1	-5	-2	-3	0	0	0
C	2	-1	0	-1	13	-6	-4	-1	1	1	2	0	1	3	-1	-1	-2	2	4	2	0	0	0
Q	-1	3	2	3	-6	4	2	0	4	-3	-5	4	0	-2	0	4	-2	-3	1	-1	0	0	0
E	0	2	0	5	-4	2	3	-1	3	-3	-2	4	-3	-5	2	1	0	-2	-1	-2	0	0	0
G	1	0	1	1	-1	0	-1	6	-1	-4	-4	0	-3	-6	0	0	0	-2	-1	-2	0	0	0
H	-2	2	4	2	1	4	3	-1	11	-4	0	1	1	0	1	-4	1	0	2	-3	0	0	0
I	0	0	-8	-7	1	-3	-3	-4	-4	1	7	-6	5	4	-2	-4	0	3	0	7	0	0	0
L	0	-2	-2	-7	2	-5	-2	-4	0	7	2	-4	6	4	-5	-2	0	0	0	3	0	0	0
K	1	6	1	1	0	4	4	0	1	-6	-4	2	-1	-4	0	0	2	-2	0	-2	0	0	0
M	0	0	-3	-6	1	0	-3	-3	1	5	6	-1	3	4	-3	-2	2	3	1	3	0	0	0
F	0	-3	-1	-6	3	-2	-5	-6	0	4	4	-4	4	5	-1	0	-2	4	7	3	0	0	0
P	0	-1	2	1	-1	0	2	0	1	-2	-5	0	-3	-1	7	2	1	-2	0	0	0	0	0
S	2	0	3	2	-1	4	1	0	-4	-4	-2	0	-2	0	2	0	4	1	0	-1	0	0	0
T	0	0	4	1	-2	-2	0	0	1	0	0	2	2	-2	1	4	0	-4	-1	0	0	0	0
W	-1	2	0	-5	2	-3	-2	-2	0	3	0	-2	3	4	-2	1	-4	16	8	-2	0	0	0
Y	0	2	0	-2	4	1	-1	-1	2	0	0	0	1	7	0	0	-1	8	3	1	0	0	0
V	1	-1	-3	-3	2	-1	-2	-2	-3	7	3	-2	3	3	0	-1	0	-2	1	0	0	0	0
B	0	0	0	0	0	0	0	0	0	0	0	0	0	0	0	0	0	0	0	0	0	0	0
Z	0	0	0	0	0	0	0	0	0	0	0	0	0	0	0	0	0	0	0	0	0	0	0
X	0	0	0	0	0	0	0	0	0	0	0	0	0	0	0	0	0	0	0	0	0	0	0
