#RUSR970101
#T Recognition of analogous and homologous protein folds: Analysis of sequence
#A Russell, R.B., Saqi, M.A.S., Sayle, R.A., Bates, P.A. and Sternberg, M.J.E.
#J Journal of Molecular Biology 269, 423-439 (1997)
	A	R	N	D	C	Q	E	G	H	I	L	K	M	F	P	S	T	W	Y	V	B	Z	X
A	-2	1	0	0	2	1	2	1	-1	1	3	1	4	-1	2	0	1	-4	1	-1	0	0	0
R	1	0	2	3	-3	-2	2	2	2	1	-2	4	-5	5	1	2	0	-5	3	-4	0	0	0
N	0	2	0	2	-4	2	2	3	7	-4	0	1	-1	1	0	5	1	-3	-3	-1	0	0	0
D	0	3	2	-2	0	3	6	3	2	-4	-1	0	-1	-3	3	3	3	-4	0	-2	0	0	0
C	2	-3	-4	0	12	2	-8	-1	5	-1	4	-1	3	-1	-1	-5	2	1	0	7	0	0	0
Q	1	-2	2	3	2	0	6	-1	0	1	-2	3	-1	-6	1	0	3	-1	2	2	0	0	0
E	2	2	2	6	-8	6	-2	3	-11	-4	-1	2	-3	-4	1	2	2	-1	-2	-3	0	0	0
G	1	2	3	3	-1	-1	3	0	-5	0	-2	2	1	-1	0	4	0	0	1	-3	0	0	0
H	-1	2	7	2	5	0	-11	-5	-3	1	3	2	3	0	2	1	5	2	3	0	0	0	0
I	1	1	-4	-4	-1	1	-4	0	1	2	3	-4	1	5	2	-1	0	2	3	4	0	0	0
L	3	-2	0	-1	4	-2	-1	-2	3	3	-3	0	8	3	0	-1	-3	4	3	6	0	0	0
K	1	4	1	0	-1	3	2	2	2	-4	0	0	1	0	4	0	-2	3	0	0	0	0	0
M	4	-5	-1	-1	3	-1	-3	1	3	1	8	1	-9	0	-17	-3	3	0	4	3	0	0	0
F	-1	5	1	-3	-1	-6	-4	-1	0	5	3	0	0	-3	4	-2	3	11	0	5	0	0	0
P	2	1	0	3	-1	1	1	0	2	2	0	4	-17	4	-1	5	-1	2	-3	-1	0	0	0
S	0	2	5	3	-5	0	2	4	1	-1	-1	0	-3	-2	5	-10	4	0	2	1	0	0	0
T	1	0	1	3	2	3	2	0	5	0	-3	-2	3	3	-1	4	0	3	1	0	0	0	0
W	-4	-5	-3	-4	1	-1	-1	0	2	2	4	3	0	11	2	0	3	5	-12	2	0	0	0
Y	1	3	-3	0	0	2	-2	1	3	3	3	0	4	0	-3	2	1	-12	-4	3	0	0	0
V	-1	-4	-1	-2	7	2	-3	-3	0	4	6	0	3	5	-1	1	0	2	3	-1	0	0	0
B	0	0	0	0	0	0	0	0	0	0	0	0	0	0	0	0	0	0	0	0	0	0	0
Z	0	0	0	0	0	0	0	0	0	0	0	0	0	0	0	0	0	0	0	0	0	0	0
X	0	0	0	0	0	0	0	0	0	0	0	0	0	0	0	0	0	0	0	0	0	0	0
