#RUSR970103
#T Recognition of analogous and homologous protein folds: Analysis of sequence and
#A Russell, R.B., Saqi, M.A.S., Sayle, R.A., Bates, P.A. and Sternberg, M.J.E.
#J Journal of Molecular Biology 269, 423-439 (1997)
	A	R	N	D	C	Q	E	G	H	I	L	K	M	F	P	S	T	W	Y	V	B	Z	X
A	-2	1	0	-1	2	0	1	0	0	1	2	1	2	0	0	0	0	0	0	0	0	0	0
R	1	0	0	0	-4	1	2	1	3	1	-2	3	0	-1	0	0	0	0	3	0	0	0	0
N	0	0	0	1	-1	3	0	2	3	-7	0	0	-3	1	1	4	3	-1	0	0	0	0	0
D	-1	0	1	0	0	3	4	2	3	-3	-3	2	-2	-4	3	2	2	-5	-1	-1	0	0	0
C	2	-4	-1	0	12	-4	-8	0	2	-4	2	2	1	3	0	-3	0	2	1	5	0	0	0
Q	0	1	3	3	-4	0	4	0	0	0	-2	4	0	-3	0	1	0	-1	0	0	0	0	0
E	1	2	0	4	-8	4	0	1	-1	-3	0	3	-1	-5	1	2	1	-3	-1	-2	0	0	0
G	0	1	2	2	0	0	1	1	-3	-1	-2	1	0	-3	1	0	0	-1	0	-1	0	0	0
H	0	3	3	3	2	0	-1	-3	1	-1	2	3	3	0	2	-1	3	0	1	-1	0	0	0
I	1	1	-7	-3	-4	0	-3	-1	-1	0	5	-5	4	4	0	-3	0	4	2	5	0	0	0
L	2	-2	0	-3	2	-2	0	-2	2	5	0	-2	6	4	-2	0	-1	1	0	4	0	0	0
K	1	3	0	2	2	4	3	1	3	-5	-2	-1	0	-1	1	0	1	0	0	0	0	0	0
M	2	0	-3	-2	1	0	-1	0	3	4	6	0	-5	0	0	-4	2	3	1	1	0	0	0
F	0	-1	1	-4	3	-3	-5	-3	0	4	4	-1	0	0	1	0	0	5	5	3	0	0	0
P	0	0	1	3	0	0	1	1	2	0	-2	1	0	1	0	5	1	2	-1	-1	0	0	0
S	0	0	4	2	-3	1	2	0	-1	-3	0	0	-4	0	5	-3	3	2	0	0	0	0	0
T	0	0	3	2	0	0	1	0	3	0	-1	1	2	0	1	3	-2	0	0	0	0	0	0
W	0	0	-1	-5	2	-1	-3	-1	0	4	1	0	3	5	2	2	0	7	4	0	0	0	0
Y	0	3	0	-1	1	0	-1	0	1	2	0	0	1	5	-1	0	0	4	-1	2	0	0	0
V	0	0	0	-1	5	0	-2	-1	-1	5	4	0	1	3	-1	0	0	0	2	-2	0	0	0
B	0	0	0	0	0	0	0	0	0	0	0	0	0	0	0	0	0	0	0	0	0	0	0
Z	0	0	0	0	0	0	0	0	0	0	0	0	0	0	0	0	0	0	0	0	0	0	0
X	0	0	0	0	0	0	0	0	0	0	0	0	0	0	0	0	0	0	0	0	0	0	0
