#WEIL970101
#T Using the radial distributions of physical features to compare amino
#A Wei, L., Altman, R.B. and Chang, J.T.
#J Pac. Symp. Biocomput. 1997 5, 465-476 (1997)
	A	R	N	D	C	Q	E	G	H	I	L	K	M	F	P	S	T	W	Y	V	B	Z	X
A	4	-1	0	-2	0	0	-3	-1	0	0	0	-1	1	0	0	0	0	0	0	1	0	0	0
R	-1	4	0	-1	-1	0	-1	-1	0	-2	-1	2	0	-2	0	-1	0	0	-1	-2	0	0	0
N	0	0	4	0	0	1	0	0	0	-1	-1	0	0	-1	0	1	1	-1	0	-1	0	0	0
D	-2	-1	0	4	-2	-1	0	-2	-1	-4	-3	-1	-1	-4	-1	-1	-1	-3	-3	-3	0	0	0
C	0	-1	0	-2	4	0	-2	0	0	0	0	-2	1	0	-1	0	0	0	0	0	0	0	0
Q	0	0	1	-1	0	4	0	0	0	0	0	0	1	0	0	0	1	0	1	-1	0	0	0
E	-3	-1	0	0	-2	0	4	-2	-1	-4	-3	-1	-1	-4	-1	-2	-1	-2	-4	-4	0	0	0
G	-1	-1	0	-2	0	0	-2	4	-1	-2	-1	-1	0	-2	0	0	0	-2	-2	-2	0	0	0
H	0	0	0	-1	0	0	-1	-1	4	-1	-1	0	0	0	0	-1	-1	0	0	-1	0	0	0
I	0	-2	-1	-4	0	0	-4	-2	-1	4	1	-2	2	0	0	-1	0	0	0	2	0	0	0
L	0	-1	-1	-3	0	0	-3	-1	-1	1	4	-2	2	1	0	-1	0	1	0	1	0	0	0
K	-1	2	0	-1	-2	0	-1	-1	0	-2	-2	4	0	-2	0	0	0	-2	-2	-3	0	0	0
M	1	0	0	-1	1	1	-1	0	0	2	2	0	4	2	1	0	0	2	0	1	0	0	0
F	0	-2	-1	-4	0	0	-4	-2	0	0	1	-2	2	4	0	-2	-2	2	1	0	0	0	0
P	0	0	0	-1	-1	0	-1	0	0	0	0	0	1	0	4	0	0	0	-1	0	0	0	0
S	0	-1	1	-1	0	0	-2	0	-1	-1	-1	0	0	-2	0	4	1	-1	-1	-1	0	0	0
T	0	0	1	-1	0	1	-1	0	-1	0	0	0	0	-2	0	1	4	-1	-1	0	0	0	0
W	0	0	-1	-3	0	0	-2	-2	0	0	1	-2	2	2	0	-1	-1	4	1	0	0	0	0
Y	0	-1	0	-3	0	1	-4	-2	0	0	0	-2	0	1	-1	-1	-1	1	4	0	0	0	0
V	1	-2	-1	-3	0	-1	-4	-2	-1	2	1	-3	1	0	0	-1	0	0	0	4	0	0	0
B	0	0	0	0	0	0	0	0	0	0	0	0	0	0	0	0	0	0	0	0	0	0	0
Z	0	0	0	0	0	0	0	0	0	0	0	0	0	0	0	0	0	0	0	0	0	0	0
X	0	0	0	0	0	0	0	0	0	0	0	0	0	0	0	0	0	0	0	0	0	0	0
